# version: 0.1
104 101
32 116
32 97
32 115
110 100
32 119
258 257
101 100
259 261
258 111
32 98
105 110
32 104
262 97
114 101
111 117
32 102
105 116
32 84
32 108
32 99
32 100
101 114
32 257
32 109
32 112
270 115
111 109
32 111
97 121
275 257
97 114
105 115
268 103
105 108
32 103
105 100
32 83
97 116
101 110
32 110
260 97
269 97
97 110
105 109
111 114
111 110
32 274
258 104
32 72
108 108
108 101
32 34
280 114
111 116
101 116
294 257
105 114
306 101
287 121
101 115
101 261
32 268
118 279
117 116
111 119
99 107
32 76
32 117
108 100
32 121
111 111
298 293
105 103
291 121
101 120
32 114
267 101
32 73
97 109
260 116
99 101
107 101
260 257
118 101
112 112
274 104
262 343
79 110
285 110
327 272
285 102
107 264
114 105
324 331
260 111
102 116
110 116
269 289
282 108
97 100
320 121
32 66
278 286
305 295
325 112
356 286
299 100
115 116
101 108
263 121
332 116
281 284
262 101
273 302
32 101
32 77
117 110
272 326
39 115
109 121
276 105
111 353
60 124
318 379
381 368
124 62
383 10
99 104
296 116
299 342
270 354
274 116
260 104
272 116
257 114
278 111
108 121
297 311
284 101
115 101
32 358
272 261
97 307
262 104
301 101
389 308
32 107
258 402
276 403
97 108
263 271
104 116
46 380
32 271
32 65
387 121
260 109
335 116
32 32
267 330
32 289
267 321
97 323
259 110
298 119
350 318
46 34
273 423
114 121
259 115
114 97
297 101
345 101
293 101
97 339
39 116
33 34
117 103
276 328
118 264
370 271
275 301
111 271
345 338
276 111
32 430
101 99
269 301
266 111
292 111
32 74
267 111
260 101
314 108
259 271
32 106
288 100
388 264
291 108
292 451
362 303
263 109
32 391
259 116
117 114
105 261
263 314
102 117
260 112
119 286
414 291
278 293
277 375
275 284
257 110
359 296
299 341
97 268
288 116
257 100
116 279
32 332
114 284
262 386
259 114
105 99
277 300
32 87
108 112
465 108
328 100
63 34
104 290
425 115
297 336
359 321
330 409
259 307
280 486
404 110
117 109
303 101
288 107
267 420
260 286
89 272
273 374
277 108
97 271
297 111
276 101
111 112
439 377
468 264
260 99
492 264
259 108
272 103
442 437
115 431
366 116
281 300
427 349
105 323
266 121
378 339
273 101
273 518
436 349
260 396
482 399
450 101
281 101
336 101
284 312
333 111
267 114
117 271
267 314
103 312
105 338
449 121
262 375
337 476
303 103
195 162
226 130
544 172
115 115
536 100
260 532
273 97
100 100
290 115
259 103
262 302
401 295
357 101
281 432
107 290
373 284
44 34
105 101
322 110
258 271
333 300
537 392
32 503
259 467
97 103
288 264
502 115
541 264
272 100
281 555
277 288
548 490
266 564
274 264
116 392
282 500
277 111
298 100
285 577
429 119
479 99
32 69
282 321
273 480
282 114
101 307
276 97
269 435
98 308
281 117
328 107
97 385
552 475
105 102
269 396
262 472
32 70
292 488
104 295
101 112
401 111
317 116
350 264
273 399
273 108
263 110
277 104
278 444
342 264
270 108
97 115
292 312
113 117
32 68
363 290
515 409
112 108
400 121
260 119
294 117
272 115
110 110
305 551
583 576
378 349
292 311
117 323
114 111
293 264
610 631
267 108
97 341
32 118
277 531
372 358
288 97
347 114
294 336
97 120
512 568
117 365
346 101
393 103
278 561
272 397
110 121
273 463
277 506
334 99
289 116
305 300
524 366
97 112
624 97
278 357
259 98
281 121
436 107
32 339
272 114
262 456
288 110
292 114
261 279
292 428
467 115
317 115
469 110
373 641
282 111
102 101
514 668
446 107
658 391
300 116
98 98
276 311
369 377
522 115
497 101
279 115
289 101
294 111
267 117
294 638
274 101
460 517
562 101
305 618
267 400
281 440
444 105
296 264
99 477
258 97
285 326
412 656
269 111
508 664
271 116
319 116
103 264
485 472
282 117
497 322
589 435
258 432
694 407
466 710
260 302
277 295
550 296
682 119
105 341
306 279
105 97
282 101
421 121
714 394
258 114
353 279
269 322
448 111
97 117
109 97
390 322
268 107
712 426
258 119
592 385
289 104
333 374
97 261
299 261
584 358
260 108
448 420
118 296
269 647
285 114
285 112
260 107
281 111
505 111
260 374
703 111
258 605
319 517
295 101
266 326
270 478
305 289
32 296
300 107
32 596
587 571
498 112
32 615
285 320
257 271
470 110
100 121
292 634
280 454
429 320
98 121
372 594
97 338
533 284
479 619
116 121
372 295
622 721
485 101
311 392
726 397
282 521
105 303
282 702
363 264
103 101
312 478
287 110
453 643
97 107
590 704
292 271
348 102
277 284
270 116
311 104
373 718
449 120
297 538
599 480
117 101
39 109
337 114
651 778
429 264
306 289
291 101
519 121
412 261
273 111
117 99
453 111
334 288
414 400
105 122
118 290
276 542
268 101
103 426
115 264
301 407
302 116
421 818
260 110
515 104
258 426
325 354
291 100
115 366
462 116
824 291
32 67
404 463
701 264
32 301
32 543
442 341
267 784
607 322
277 400
278 303
32 318
259 100
267 604
118 386
89 317
288 115
462 112
357 121
101 109
271 336
97 321
462 110
277 308
118 317
545 197
853 147
454 296
292 855
549 365
277 117
650 487
98 279
307 121
334 849
372 740
112 116
267 428
273 105
105 317
653 349
277 257
708 477
744 121
267 121
453 759
292 108
97 397
276 571
826 102
84 104
268 121
258 101
270 121
119 110
862 105
277 396
308 119
276 652
262 111
883 487
269 454
679 115
333 97
337 456
273 336
820 115
269 827
325 666
444 116
337 286
110 290
276 312
99 116
32 80
267 793
73 116
115 104
257 115
98 101
298 673
328 108
271 101
579 108
731 111
267 357
267 593
832 112
509 308
411 109
300 101
412 115
378 437
107 286
111 323
808 121
612 349
97 365
260 117
845 114
865 341
390 375
304 115
324 923
111 98
289 477
421 816
260 927
893 331
271 546
330 104
719 916
273 885
837 264
78 111
333 264
412 723
337 302
725 104
105 112
352 303
273 268
76 312
108 264
661 864
273 440
102 440
278 300
390 506
273 394
33 380
289 264
550 264
282 483
545 226
393 302
447 290
781 773
558 377
32 71
661 602
297 322
616 357
533 323
851 300
278 428
288 121
840 842
498 377
507 684
743 695
390 879
567 101
772 440
262 463
393 307
277 426
277 303
32 431
334 954
105 264
291 394
411 407
337 111
115 111
87 601
665 399
514 992
308 115
258 850
132 162
962 998
372 121
273 288
986 97
273 114
294 112
507 960
911 302
270 114
116 535
654 290
946 110
325 110
779 264
111 121
301 98
116 104
297 368
612 557
116 490
505 1014
299 115
281 97
305 114
401 804
101 312
267 264
975 535
468 101
359 932
107 317
84 601
286 907
483 264
103 279
878 756
105 623
334 290
278 596
262 114
746 115
273 488
106 1013
292 716
961 1008
305 729
436 557
32 78
278 366
102 102
97 99
722 629
270 274
1000 317
435 409
266 119
411 619
534 111
991 611
116 290
886 296
292 105
259 723
267 271
285 882
635 111
612 107
847 860
887 666
789 295
1004 311
32 82
736 115
390 391
280 357
755 1041
915 819
836 683
372 320
622 101
395 1032
633 798
953 365
678 274
812 264
259 342
314 365
429 288
760 521
278 289
278 101
97 591
1075 677
917 1066
116 264
273 733
307 322
260 399
111 303
738 431
325 115
727 122
1055 988
259 1100
259 99
308 875
553 107
792 385
333 475
728 264
891 1082
285 921
103 300
258 407
768 101
76 331
673 271
678 264
427 107
333 117
1037 1115
530 300
687 104
333 494
266 117
327 101
100 286
792 696
534 494
807 1095
637 499
800 542
87 101
260 615
337 521
325 397
334 296
281 302
1064 538
258 428
279 264
1087 394
295 104
32 662
262 762
327 588
1119 354
609 825
858 350
449 295
110 103
260 535
448 918
651 531
600 1113
549 338
356 770
300 783
269 509
269 938
275 104
259 109
76 593
97 1053
1039 279
337 440
1007 109
393 317
277 114
278 937
374 648
1147 623
281 567
291 97
277 593
334 108
371 103
258 588
549 118
261 727
97 546
272 354
99 111
305 910
725 101
308 602
297 494
743 296
277 432
109 440
280 271
720 1188
633 922
273 1085
274 99
117 307
706 307
289 115
97 696
314 264
419 478
32 122
301 317
302 110
621 1024
282 475
404 293
667 1116
67 300
289 121
335 110
346 394
281 303
508 97
524 307
267 97
985 116
737 499
547 115
873 264
874 357
267 274
298 261
1193 472
404 1222
77 284
275 601
496 264
450 317
866 271
282 279
607 111
337 509
387 695
260 290
667 546
267 1169
1072 264
945 121
324 312
258 350
354 115
278 114
97 314
616 111
411 1197
342 121
334 104
101 121
990 1083
327 976
534 777
276 846
281 498
299 813
587 268
268 115
1177 302
324 1172
39 271
281 669
1256 688
973 119
277 271
411 365
1022 822
292 531
269 295
461 101
276 669
896 365
787 317
352 353
282 506
122 121
305 290
411 620
295 392
411 846
334 1111
119 762
781 318
829 300
553 326
660 115
107 296
445 877
1171 483
465 861
282 655
278 499
1199 102
1021 557
277 321
791 290
278 629
295 279
672 261
1205 115
270 437
401 121
282 480
258 1198
273 630
866 120
365 279
281 647
553 426
111 861
282 476
573 115
337 101
1047 483
492 101
836 279
330 110
471 377
599 268
273 456
87 322
97 1208
1123 385
264 764
504 648
713 385
98 111
325 817
450 296
299 314
697 365
105 386
266 112
1272 1240
271 108
421 777
294 620
700 326
700 611
277 605
105 320
499 121
109 279
393 290
277 909
1191 115
935 684
84 284
276 494
104 121
789 296
653 107
1268 303
295 780
411 357
1230 302
34 46
278 268
262 488
278 350
68 303
454 115
273 1194
562 317
734 899
982 322
553 349
1124 844
277 428
32 45
278 630
278 500
1246 463
378 1029
414 588
466 311
262 933
1288 279
117 264
1144 322
735 121
267 322
271 110
621 301
387 331
267 567
260 295
117 108
390 111
260 1184
117 115
288 290
935 959
616 1319
366 121
1302 103
1290 394
105 339
621 290
260 312
650 1287
584 109
738 322
1092 264
442 365
579 326
473 648
280 326
117 1048
588 111
72 1407
700 308
32 538
708 104
271 119
802 264
412 116
686 121
1229 102
508 353
32 75
303 115
745 341
271 264
99 669
720 1018
278 848
258 400
1074 264
1038 542
482 350
280 288
1046 322
549 314
259 314
1128 264
1316 620
914 115
630 546
32 366
1146 1380
686 115
269 374
1311 1035
697 591
949 933
33 543
1215 268
425 394
278 314
269 311
821 322
310 877
275 111
967 428
100 115
108 102
269 456
296 115
1269 735
282 1104
746 397
359 989
268 264
269 293
448 301
115 112
1428 437
277 925
1437 397
482 109
1214 768
1067 487
281 494
292 386
258 494
1175 311
412 377
560 326
267 435
1006 115
411 108
686 825
1056 1284
259 591
46 543
292 499
97 118
110 279
327 317
295 478
260 542
105 385
270 307
1132 314
1317 264
552 1421
527 499
292 117
1445 1376
630 284
287 271
1262 295
613 535
39 307
277 1180
448 296
388 115
1492 1332
282 729
1212 852
613 107
1159 289
755 822
373 1307
378 303
336 97
101 101
79 75
1136 899
635 289
369 386
949 620
614 1058
898 264
1173 867
1062 787
115 477
97 342
672 268
300 338
334 594
373 1031
524 119
512 974
273 494
548 1201
114 322
613 104
350 317
99 264
114 264
485 601
997 264
1440 816
273 400
1355 1486
103 303
281 777
667 1178
453 117
262 312
1102 290
97 611
823 290
277 848
657 764
1416 897
282 105
281 1270
1466 308
581 115
1019 264
339 121
272 112
1043 115
483 121
791 112
336 112
1112 107
281 312
592 115
101 271
401 688
111 284
886 695
468 317
109 300
273 462
692 1097
505 311
302 290
514 499
1578 906
672 108
697 291
809 121
295 264
114 311
79 104
706 1245
466 108
296 338
281 288
283 110
534 618
1089 602
637 1018
282 312
450 288
800 1156
289 478
901 302
466 500
84 257
366 99
100 279
260 274
1356 115
665 322
1195 264
108 290
298 291
311 116
262 303
356 300
333 431
312 279
1117 115
807 120
282 560
955 1033
562 295
1406 121
533 307
1518 274
111 115
508 634
109 264
282 295
448 456
629 121
878 289
1569 483
1102 264
270 576
685 303
258 1321
269 431
109 101
66 321
300 103
101 320
1054 1359
322 279
273 1476
589 261
282 271
957 290
122 122
412 307
282 296
260 989
390 568
734 115
475 264
1063 279
505 571
655 101
378 813
435 103
760 105
809 98
336 317
1300 959
970 764
79 921
1174 560
330 103
1136 407
260 431
111 108
103 115
302 109
276 432
1044 115
323 312
105 120
77 1031
509 101
1204 116
260 444
1015 121
260 1599
117 620
1308 121
1659 312
289 317
592 365
99 308
333 770
1485 121
281 1339
370 288
115 119
553 605
613 264
421 1692
374 385
1400 394
282 311
444 317
373 974
1006 487
414 476
857 279
665 751
285 119
955 338
1556 1699
534 300
267 1611
262 1603
1056 339
858 112
1704 487
1060 353
926 385
417 1033
122 101
1138 268
112 104
102 819
821 420
1224 377
609 111
599 108
411 594
633 756
373 114
1211 1304
587 111
356 677
809 268
333 1338
633 420
308 546
262 268
277 1378
105 271
1726 312
512 848
117 274
562 1501
101 288
1286 407
1254 1422
372 308
337 117
373 1514
267 1395
1619 623
448 643
260 1314
973 1545
1103 1436
1211 1561
267 288
637 1279
745 365
496 290
297 655
1001 1340
391 104
372 109
281 1761
87 1347
115 312
1088 1526
282 97
553 1453
453 101
105 611
83 535
337 271
302 264
1054 279
109 290
101 568
72 105
305 1412
1310 611
280 1689
983 115
282 1179
267 688
100 101
1379 108
1447 773
731 1255
298 1637
281 1675
984 290
334 101
466 114
393 1600
293 386
1103 99
1665 341
540 110
267 1141
280 407
385 909
1452 1178
269 330
98 591
746 817
573 1586
280 476
424 380
337 629
323 264
277 662
1003 1740
267 629
281 268
461 116
880 1049
260 1800
534 561
1157 264
1509 312
274 290
926 721
267 1819
341 108
654 115
63 543
609 1242
774 290
266 882
1399 727
1810 397
1167 286
505 1551
579 307
1472 308
1431 121
342 290
419 116
282 420
842 1682
337 735
105 279
1368 341
302 115
1463 377
706 1525
98 114
66 296
289 817
1710 396
621 551
344 391
1209 517
1802 392
266 1125
429 938
672 1674
302 1535
269 274
1815 392
1855 98
282 683
302 100
414 111
292 1661
662 110
1618 338
428 901
869 1139
262 551
371 537
267 296
772 1653
453 1865
327 454
814 279
273 910
105 591
277 1202
1795 1794
101 357
104 111
278 426
514 542
498 98
373 498
109 386
287 314
99 121
101 107
507 1685
389 290
429 323
298 1149
319 365
276 751
387 296
1022 322
65 656
590 115
347 1149
997 115
945 867
1386 317
1719 677
276 303
281 1196
1026 115
1233 290
32 345
722 272
370 307
450 97
276 1696
1084 308
362 1765
1905 1392
661 121
99 906
32 79
1174 542
678 121
272 110
278 652
1679 702
1772 312
356 1049
1745 1904
266 109
262 733
273 1590
281 815
1180 475
281 295
390 655
390 593
772 1579
745 437
282 845
1124 288
1162 121
1086 768
297 1940
260 1562
337 288
390 509
262 684
337 844
1705 108
534 290
465 817
453 288
98 322
922 264
1724 1621
319 118
479 112
262 257
121 454
277 1162
68 111
119 454
501 1958
529 1626
275 119
97 291
32 317
1479 560
1368 611
282 104
971 115
1162 279
307 111
1241 729
116 115
1812 312
278 317
357 322
99 317
1938 308
621 336
1001 109
411 1464
1159 756
697 557
1021 291
742 1156
305 822
780 115
1934 317
115 121
434 380
640 377
282 925
1181 108
277 322
32 341
887 339
1871 385
1096 115
259 102
374 103
274 121
1067 264
1439 121
273 274
258 879
285 98
324 1295
507 397
260 1891
297 604
1107 1952
317 101
278 1971
697 1029
281 500
281 357
102 733
277 272
404 688
116 111
271 357
1335 290
395 490
791 317
1548 538
1468 115
1015 1125
282 330
111 103
579 295
268 290
277 314
485 343
1708 385
428 293
1967 437
342 279
111 397
2000 2036
99 290
293 783
1357 320
281 291
953 320
320 264
466 1097
584 307
83 638
1292 101
573 426
260 521
267 1922
97 308
378 353
365 290
719 770
1300 684
79 102
662 115
590 101
259 901
1123 696
1627 1329
117 354
404 290
333 399
99 279
115 99
280 1972
829 396
536 2028
273 290
276 784
667 98
703 1570
583 1820
308 116
747 648
869 2013
84 301
1964 1024
312 104
346 2021
686 905
708 490
360 115
1324 454
1873 1247
292 1666
267 735
1500 535
412 108
1088 1181
485 104
389 1456
1062 357
72 1247
288 112
411 116
112 264
832 567
905 815
378 673
404 521
103 704
1157 101
282 1642
1366 119
1504 648
340 307
579 1273
1381 1775
319 99
1709 308
281 652
390 2099
262 428
260 808
791 1720
103 103
110 669
1894 1880
401 652
2044 107
1106 290
2100 850
372 288
1399 331
466 268
407 109
1879 620
372 613
747 2103
116 296
277 634
112 97
466 111
585 115
276 1629
1112 349
269 1339
706 550
1527 1093
1060 852
1833 897
292 1276
274 385
533 357
32 386
468 290
267 618
720 499
269 302
1597 696
276 1295
829 104
277 101
273 300
1221 119
98 400
114 399
389 296
1084 996
366 115
591 109
314 116
1729 2166
530 312
812 101
281 594
262 284
442 852
2076 2056
854 73
71 488
2172 300
356 918
404 1196
1645 115
1799 1680
101 98
282 804
1328 121
1294 115
635 456
262 431
111 341
303 116
336 264
117 98
97 462
840 109
372 567
466 293
851 320
1831 1419
587 311
281 1488
1910 591
279 394
261 2137
1200 1572
1655 115
322 264
945 109
1861 303
282 1141
323 115
282 456
524 1276
333 1677
282 509
390 2032
2198 897
1372 264
1003 2189
269 303
1837 303
306 322
282 1867
1373 1093
1739 264
1200 328
1813 321
2180 386
67 396
259 112
592 100
635 407
1982 897
298 102
294 532
955 1538
869 279
742 1111
282 288
760 604
111 261
1084 1776
448 432
401 1490
706 1647
450 295
880 594
659 1304
1449 1575
289 97
821 432
305 268
279 116
262 825
427 1184
834 394
260 462
1695 279
602 318
1451 564
370 1389
373 2096
1472 394
1860 302
328 397
267 500
2154 397
1060 677
294 116
1926 317
447 317
603 308
1597 385
412 624
1589 613
117 112
1878 279
915 937
1385 288
1447 116
281 264
390 114
101 296
1239 317
1239 112
985 1950
378 341
281 463
278 105
295 111
1622 264
277 454
738 293
1328 264
110 483
338 300
427 104
285 2294
926 342
1175 716
961 2293
967 111
277 97
1118 1784
2171 815
466 386
1357 341
880 2083
260 279
546 264
389 121
74 111
1969 499
285 740
282 300
282 662
589 365
324 101
108 97
277 2131
1280 264
1047 494
324 2248
1173 560
1576 426
2195 279
812 122
524 312
549 1978
374 107
276 286
553 109
333 290
411 99
498 860
496 487
276 357
359 101
372 1839
262 947
609 521
270 341
281 1932
298 108
267 300
1762 98
1112 557
303 317
533 98
807 326
390 121
277 476
1928 1857
260 366
1723 1994
258 293
466 2022
2186 980
902 1615
288 783
596 101
917 463
32 1314
686 1803
258 374
579 268
807 311
2019 385
1038 688
706 905
2335 1604
1480 290
1533 290
1863 793
2233 1201
1620 115
262 440
609 1694
446 108
330 477
267 885
337 702
308 120
288 428
1477 115
112 279
2344 2382
77 121
1462 290
282 909
277 1436
32 39
1051 290
509 104
682 101
2347 311
1892 108
337 602
2143 308
109 111
949 733
340 1454
334 307
277 328
110 311
407 115
1489 115
337 314
295 302
598 1640
2352 2018
259 354
281 1031
484 2403
800 290
337 428
2353 751
737 1279
1385 116
352 108
1328 101
466 101
411 112
275 1321
269 498
282 308
276 2358
1767 119
297 312
1324 120
298 323
1212 102
512 288
1303 264
308 1846
1755 349
2354 121
759 121
2343 300
283 104
1792 286
337 499
2158 2433
111 326
622 115
292 296
505 793
80 1104
359 117
1366 98
2057 487
911 662
83 116
624 121
2001 308
902 1104
280 108
117 905
314 100
111 268
281 1848
278 1615
453 2453
330 279
288 109
1644 264
2460 109
371 1961
2385 2308
294 396
2395 770
2218 604
873 290
1242 115
588 121
267 295
610 302
100 783
722 643
280 844
745 303
302 426
1133 115
275 86
390 2167
1500 716
390 1389
2310 104
97 557
880 97
2398 365
497 1953
1805 115
1766 2458
2119 1422
616 303
530 1977
121 290
584 740
537 1090
401 289
337 488
2444 279
1996 2498
2095 804
267 407
530 677
508 1670
1473 394
324 403
1062 1141
356 751
2295 2190
514 2489
110 264
1762 112
260 662
665 286
100 308
789 119
1176 115
2514 773
2210 322
32 90
103 2162
303 121
292 613
1589 1536
2124 308
373 976
105 300
1269 488
340 602
267 279
946 2452
573 605
100 296
1144 264
485 1347
508 109
643 114
288 108
507 1453
118 623
298 341
1582 538
2492 1093
1721 115
269 2060
297 321
274 407
1769 119
263 397
2093 538
104 268
302 107
700 1464
312 115
359 111
1601 394
447 326
87 762
279 112
2555 2549
404 2163
83 336
390 947
282 286
268 97
267 1773
462 397
276 815
2501 623
1003 2539
258 604
1462 2535
697 1053
2486 110
1840 290
333 357
2431 102
2316 111
596 102
869 119
2127 264
2225 317
282 2325
707 290
665 1562
269 462
1730 115
2133 121
633 322
1025 1498
1582 688
2246 1035
270 852
874 1179
260 2378
1070 332
390 440
282 350
450 264
887 1454
529 107
2465 1461
107 268
2451 509
2243 308
2108 487
1349 487
102 108
505 1179
297 279
282 314
2160 1490
273 330
359 114
1387 121
1254 338
1782 264
278 1412
39 100
359 108
2073 279
453 2473
2612 2542
2585 97
2572 1585
466 1564
292 374
2138 291
1933 385
2159 1888
1259 121
1624 2192
119 2554
292 751
534 2042
442 323
373 500
404 1848
258 521
726 108
1039 312
524 288
411 103
97 102
524 264
281 311
352 326
262 289
2443 560
2147 264
259 118
583 688
672 302
2033 99
311 101
299 1149
713 2561
2659 456
1966 99
607 567
328 112
282 268
665 2436
635 300
293 2517
1355 2634
588 97
639 877
300 111
1196 1843
117 338
1695 1139
277 1537
370 1889
65 271
348 2135
389 279
731 451
826 852
869 365
115 652
512 2672
700 1836
880 844
112 420
103 394
83 2480
109 98
281 976
325 2688
267 850
277 735
1456 716
1089 279
1241 509
456 264
273 291
2654 1886
279 97
812 1273
2660 288
276 274
553 557
281 2667
1956 2695
512 114
298 437
697 1284
285 107
722 798
270 2106
346 317
2424 1694
1167 561
466 318
267 1579
779 115
508 103
615 101
328 102
435 288
635 875
258 386
427 557
1324 764
117 407
534 2456
258 560
295 317
2502 115
694 620
2090 951
449 546
312 101
87 1881
2116 432
277 980
115 279
614 115
108 494
971 312
84 762
277 655
281 314
2120 1090
260 2723
372 326
337 1406
1838 264
955 2041
112 2733
1966 2753
1451 1125
270 666
505 561
2279 483
297 2333
282 937
260 494
616 300
497 494
103 1670
311 115
1811 115
268 669
584 1839
372 2764
276 2496
1241 498
706 115
2557 1921
273 432
278 604
114 302
2758 815
1065 115
1923 1528
567 264
874 798
2273 477
1203 560
267 432
607 321
267 499
2622 798
32 942
1261 290
745 813
1766 1776
32 85
32 1516
508 357
1372 121
505 655
651 396
2538 303
609 1156
1418 2309
587 286
2211 115
104 97
369 115
442 397
335 102
745 118
378 1809
837 290
731 652
645 115
1798 1498
363 2523
302 121
121 407
273 289
589 1273
533 288
2749 2201
370 787
2114 1539
277 350
78 322
449 764
269 1202
292 288
489 46
479 336
1167 420
44 543
2238 1988
259 550
32 368
1038 2657
327 2030
639 115
507 1208
273 1276
2746 2776
1658 604
281 483
507 100
260 2840
599 1539
295 290
366 112
902 2736
1515 122
607 1621
744 1770
32 264
1957 366
2194 279
442 2815
276 1566
278 733
851 288
893 623
108 735
584 261
278 330
1118 1461
337 2346
268 1351
333 1490
333 506
742 100
258 1656
373 1378
450 307
1241 756
1215 386
2615 535
760 2281
2048 560
2821 1877
1591 385
874 322
281 655
728 115
333 293
116 105
869 323
1548 1564
352 655
579 2046
32 463
692 115
1610 264
1479 641
259 119
1386 311
456 105
104 947
880 336
295 1392
530 1501
610 431
990 959
1884 951
2094 2046
579 1255
802 115
267 1857
621 300
2414 119
102 483
975 462
338 864
72 2846
972 264
1708 1918
1054 366
539 115
2833 428
299 109
613 290
66 101
301 112
2048 97
87 588
449 454
2339 296
267 664
745 100
258 2462
2648 302
2908 623
258 567
809 339
1037 2907
790 1139
273 815
339 602
2504 1528
2055 264
2616 561
105 2721
2362 115
2450 487
373 288
1003 561
258 827
1000 101
305 521
1070 2039
2931 2417
1709 284
722 420
266 435
407 623
2236 1083
579 320
1896 290
1011 2938
1769 2951
428 103
393 486
700 397
112 819
497 2359
359 2669
370 2457
418 2859
1028 111
99 291
2826 980
1003 494
519 2780
301 264
895 115
1649 2966
553 100
106 897
2109 951
579 365
701 290
482 103
77 101
2033 1687
1727 115
502 290
830 2122
462 264
2532 1537
346 338
2950 104
1669 2030
1471 121
1577 115
1527 1058
609 875
1214 326
1177 662
271 846
270 261
550 121
258 279
2934 279
108 867
390 432
105 118
2550 366
876 279
105 2038
259 960
567 317
267 1488
260 291
269 2065
1496 274
889 279
1496 669
2228 2988
1011 1388
2851 783
257 357
514 2995
273 662
421 103
2082 121
466 374
2994 688
273 909
297 1671
401 2054
105 342
3015 2728
378 1846
2230 117
428 783
407 107
1074 290
278 2702
97 119
1266 115
282 759
1920 264
667 338
2118 611
2235 487
1863 339
45 2274
1658 951
2276 264
2906 860
373 1395
1050 115
2332 1862
1060 813
621 1862
2016 312
665 561
411 102
1452 2202
1411 115
722 2328
3025 407
300 704
599 114
667 261
310 111
372 844
3011 288
876 394
1669 97
2893 677
2943 308
269 2463
76 1172
2437 97
72 1570
758 394
795 317
512 506
295 535
534 3067
291 116
609 2263
1250 115
279 121
2656 996
2499 112
2998 350
2735 121
1424 264
595 365
2661 1656
121 109
447 295
1955 576
744 268
2301 98
496 115
616 634
103 121
99 1329
1565 312
282 291
947 101
1204 1058
1120 115
281 518
2968 695
1103 2909
294 2392
102 925
719 101
607 1536
2232 1392
278 2257
1837 1419
738 1770
1976 1314
1746 678
547 560
453 420
2118 112
3030 1090
3093 268
1831 303
270 339
337 848
1491 115
387 2767
1524 3107
623 317
442 103
279 426
421 3097
264 1329
1746 764
2493 487
505 286
847 111
302 783
707 115
3024 733
266 925
1543 115
1003 2042
121 101
508 300
1046 3135
3115 1202
1011 108
373 121
796 394
295 385
390 1656
1526 290
284 264
866 279
858 550
333 822
1424 115
2807 560
466 770
269 3127
277 2002
507 1990
633 1572
1311 751
324 3066
2007 3131
3153 338
1928 2288
790 538
273 295
667 2202
357 111
97 122
2317 2970
32 1564
3098 274
2843 264
390 500
1089 357
395 538
270 1545
112 317
583 3173
530 109
830 115
1789 264
2338 264
277 392
1134 487
2314 264
2111 115
854 950
321 104
337 350
1346 115
442 1809
1096 264
2377 115
305 117
991 341
626 394
772 1773
259 2065
119 1359
372 2121
273 2957
101 3136
533 397
260 303
111 1245
390 1977
258 1201
277 630
755 99
1383 115
273 1932
386 780
111 311
459 2681
337 2900
1439 906
288 426
370 407
1049 257
100 284
276 322
728 290
2630 264
271 307
2073 683
1416 1671
589 98
658 2188
118 538
691 487
411 2069
616 1629
2887 2257
811 279
107 110
262 2148
278 822
110 97
3205 804
3111 1090
891 1538
809 103
114 286
476 104
705 1640
363 487
268 407
529 109
2455 109
2130 899
755 103
880 308
99 1202
1127 394
746 323
268 317
1254 116
2380 385
533 1784
2237 1586
1671 623
2320 264
686 3078
2193 1198
589 119
755 3265
294 110
2105 264
333 2722
1503 264
453 336
621 101
333 295
2221 538
271 296
742 330
881 115
609 3059
390 499
747 2610
277 509
2360 264
731 330
1103 1202
274 392
277 336
105 1590
821 2581
1200 947
1515 1717
2916 1340
3237 386
565 114
1099 290
829 108
267 2679
736 264
3083 1139
269 2663
3239 561
2690 3228
1723 397
609 314
300 321
442 307
434 46
809 861
325 3305
277 499
2363 110
2418 341
1130 279
334 317
2307 1035
947 509
3280 3251
1310 407
258 976
334 787
3084 591
865 338
281 289
854 843
359 456
2213 3257
273 271
3309 3319
1204 1093
1148 115
495 2205
1327 121
483 116
745 1604
718 591
298 2673
972 290
967 3206
1011 3304
1212 813
278 643
2525 2101
649 290
809 1461
1496 454
2342 357
1698 2288
334 300
257 116
3037 2605
560 119
1451 768
779 290
505 498
268 974
393 341
300 1033
267 759
299 1454
260 729
336 2239
2976 498
462 290
327 312
630 907
1568 407
258 756
2053 338
1479 3338
672 365
266 114
635 3354
1166 110
305 2039
371 1015
567 3352
3379 2882
2287 3364
2958 2553
840 3233
32 441
99 284
269 286
1755 860
112 293
3337 110
1118 678
337 1566
2250 557
292 847
32 290
1335 115
103 117
2182 428
2613 751
435 704
1591 591
1262 751
72 322
2645 2277
3394 1539
3404 1329
3357 1990
1387 290
1418 301
2271 290
337 2472
3222 1680
327 664
83 1515
1118 1525
1746 3388
1645 112
291 773
1176 290
466 3380
1496 3417
869 655
902 101
719 3308
292 2263
609 288
854 993
99 117
1118 98
1171 110
1351 115
273 2381
1565 1179
1186 115
281 1509
1627 385
337 295
482 1535
1200 3397
3255 815
105 111
3198 666
497 922
1132 506
456 97
2848 264
1085 121
3020 366
277 462
359 1742
3039 487
3290 2701
3312 97
1181 100
1357 813
686 307
1366 1273
962 128
359 97
390 1338
283 477
2051 290
337 980
289 107
2213 2277
334 312
278 1194
45 99
1884 683
902 1307
854 904
1906 290
1601 951
491 2894
722 3192
905 780
530 407
3106 560
71 111
2601 115
102 97
3431 1877
2276 716
821 101
258 988
719 1803
116 402
650 1734
3029 974
2102 1461
791 98
3330 905
1047 1338
297 3076
340 108
839 290
282 1488
2775 630
3117 312
1861 652
411 1961
736 308
289 780
1118 1116
3405 115
1070 111
1424 290
390 1953
412 2381
350 99
2600 1717
1572 121
926 714
3212 3453
442 357
2150 104
560 102
105 678
2029 101
3496 110
3432 780
755 1823
1046 368
3109 2742
305 3446
580 394
3213 272
800 3360
844 104
268 338
3515 1388
1957 2165
1976 107
3191 543
847 386
1183 121
1352 290
262 1737
2094 320
2128 394
1985 2428
371 107
926 274
297 3468
258 847
3108 349
806 121
1649 648
1290 3000
97 882
984 365
466 2698
3325 2078
3374 110
333 435
292 498
1231 115
108 328
411 338
755 118
1565 321
259 3017
1792 290
98 951
742 1604
1054 683
3385 1720
712 1974
2007 2974
588 330
262 290
267 386
421 120
277 1570
2255 102
1649 3396
372 3248
703 3569
1007 2513
1363 115
2138 339
282 322
706 112
103 604
2423 591
1011 3566
2653 111
395 101
282 677
3585 1090
1926 264
89 286
483 906
3284 1642
1767 308
1138 1823
926 2384
913 394
45 97
698 279
2291 317
3572 1035
105 1029
417 3583
512 2054
791 619
763 543
337 420
2785 101
1138 112
3436 798
512 3217
79 119
1503 290
1607 290
2402 557
1565 2078
378 122
3314 366
3465 308
2441 751
1881 365
281 366
1602 121
1712 2088
592 905
352 3480
297 1965
3069 1734
512 1488
902 2642
862 121
745 308
1089 2646
2230 798
297 2569
1229 109
315 271
32 279
390 321
3499 386
873 115
3513 804
1440 103
292 3621
1714 264
2157 2540
411 1950
3425 1775
1239 323
967 716
429 295
492 317
902 295
2019 3031
509 1388
327 3549
607 662
901 3655
1167 918
277 827
1280 290
282 2524
3573 407
267 875
2160 3592
483 317
45 2442
891 740
821 3044
3660 475
3497 121
2297 819
258 462
2867 3358
609 2917
1011 1338
324 593
2238 780
3521 1677
1049 906
3467 848
1261 279
1239 1639
635 105
277 1566
2792 110
1397 116
117 100
3560 279
285 3658
1814 1867
1118 996
2109 108
2285 394
260 318
874 3511
2350 1097
1011 1687
947 115
3577 386
72 101
281 286
1556 2671
1345 377
2420 264
1838 980
1080 860
390 2487
273 117
3253 312
3550 407
802 308
3625 1498
3673 1561
111 101
1833 288
2237 555
2092 115
365 350
257 476
854 1030
2588 426
2680 264
1969 311
3617 454
296 426
279 1090
302 677
97 1048
117 1921
514 2251
117 261
3326 3727
77 641
305 3516
103 643
337 1351
2649 1841
3010 279
719 2038
338 264
258 1509
456 560
720 1279
278 435
1088 3736
267 1564
1228 1575
755 279
573 112
1452 338
105 604
2336 954
2650 906
115 317
99 321
450 407
411 2683
276 264
635 431
334 602
2361 3728
3598 293
2091 980
1133 683
1181 97
2937 560
512 3279
2578 3440
496 1734
2053 1538
116 478
1138 905
1679 2239
71 716
508 1536
2421 101
2221 1032
592 1048
390 815
609 1528
2074 115
3691 716
915 295
281 456
2406 1539
2822 1674
1769 602
2380 696
507 2727
462 98
305 2022
1993 97
858 907
282 735
609 3730
266 793
498 1340
3518 303
453 312
292 314
2272 560
3520 751
99 1994
294 104
73 102
505 2191
3804 105
722 759
1923 3791
302 1090
2475 751
2082 560
579 3766
1127 279
453 435
3784 1329
2396 115
288 2529
258 1737
3175 716
1576 577
2231 487
285 3772
2119 3741
2081 377
1910 3563
2760 264
1669 268
304 877
97 349
267 312
285 3719
110 1097
2694 308
281 435
1061 3834
448 3129
1814 483
1263 1734
541 115
282 374
258 655
527 1279
359 312
412 271
333 3517
2192 677
365 483
278 669
3750 312
720 467
1072 115
1386 101
3746 290
840 3811
1263 3848
744 947
508 509
371 116
103 110
3588 115
635 815
485 762
722 286
2548 115
270 1048
277 875
292 302
2644 487
512 1412
3559 1035
1203 3720
509 478
277 1359
495 330
483 3874
275 114
1923 677
718 3849
3530 3880
1056 3808
296 648
269 3027
2699 1680
2090 308
1956 279
324 1515
82 101
3809 312
2402 349
760 288
2455 3877
1754 115
737 1018
45 121
110 494
411 1181
282 302
485 456
314 274
1221 2428
288 328
1639 3903
269 3528
269 593
485 375
3646 560
267 350
324 989
2193 1737
969 762
258 296
501 2687
2121 290
352 288
260 386
1174 116
2474 409
103 560
772 475
3611 279
259 1240
530 613
672 847
509 108
1503 426
3271 322
279 3926
1888 1687
3919 2191
282 3100
2264 290
259 3929
760 688
1011 2687
365 2472
112 288
1995 115
2420 787
404 3904
276 293
1132 1536
306 3726
3859 454
281 1514
387 1841
466 588
2421 1242
1070 264
1059 290
3747 1687
450 3938
301 105
260 3798
2941 718
294 109
337 568
902 655
2075 115
1259 980
1062 295
670 543
808 116
3833 385
1228 2635
2423 300
436 112
1060 740
277 532
592 308
104 488
1064 108
373 3743
712 116
915 630
3869 3444
2925 604
1767 293
649 115
2835 827
3896 1742
3458 768
3850 2251
2007 2740
530 295
3684 3829
325 114
66 3142
280 2476
105 1836
466 3901
294 1378
1195 115
1239 611
3622 303
2624 2018
1589 274
359 1169
2426 115
1418 751
3876 2407
273 308
3235 798
260 2170
700 996
3959 97
1729 118
629 264
448 669
533 568
273 716
1175 634
713 115
1957 295
282 2569
3898 3861
3884 111
3099 311
299 307
340 312
258 641
282 407
2301 901
2772 490
319 397
2392 499
267 3602
2236 2170
99 105
1396 290
891 353
260 308
373 3954
2342 116
512 2442
541 290
373 567
390 555
1246 634
267 268
275 264
1346 899
333 538
285 295
1327 3756
534 1388
3683 308
101 279
686 1647
3749 3096
3463 683
2447 2997
854 503
2942 264
267 462
497 311
98 1385
508 288
407 264
4059 354
372 3289
3899 385
281 1141
2881 290
282 264
378 112
99 2671
397 498
1138 1255
2182 593
839 264
395 4071
1133 279
291 290
268 557
2762 648
276 318
1070 1624
1491 312
276 629
863 290
271 4030
3795 97
4024 1388
2095 4052
809 1029
609 3032
2437 613
1288 683
533 100
592 4069
3276 1295
1084 4083
378 1419
4023 770
4022 105
3973 4068
117 907
1945 2999
609 475
3046 426
810 115
1622 290
449 2765
3638 613
364 110
1860 662
925 483
1755 1332
390 1270
102 673
2841 114
483 279
4112 101
328 2101
3009 320
462 385
589 3732
514 716
1372 115
281 825
1070 117
619 286
411 463
352 323
4119 426
1310 787
3586 99
672 308
319 107
800 1658
314 303
2772 906
1518 576
585 1058
447 407
1271 394
3429 312
1548 2476
275 2524
1239 2209
264 121
1261 551
4113 4027
505 3151
282 357
285 108
269 716
390 1476
258 4099
3143 264
911 2060
1610 302
1386 1823
1432 2960
2203 264
1543 290
333 567
1920 115
3494 478
359 374
3146 922
1792 729
1209 365
869 1809
306 3221
366 3081
319 2683
3892 1332
3575 268
2803 1245
1160 4058
1019 290
1591 696
292 630
1088 4124
4125 4049
2553 111
298 1388
296 397
99 925
3934 918
278 716
1088 906
509 1347
1582 733
2264 115
103 317
2653 1965
838 543
1643 115
667 3181
77 718
1221 4182
4173 1528
719 1889
1919 114
97 274
3014 1083
352 291
327 594
579 4115
744 456
826 121
3365 101
1745 118
285 121
722 4186
654 551
1613 312
1157 290
300 483
2699 109
587 374
482 116
3390 279
68 357
1011 4172
114 303
2697 115
2280 2919
110 1033
2279 407
404 2309
3457 156
1349 115
1107 290
281 296
385 4213
337 284
2225 101
4207 2407
277 4168
277 1862
346 780
333 4179
4190 1090
897 264
4106 279
2114 108
282 980
390 819
4202 116
910 1717
929 110
2816 392
1555 394
2102 815
262 909
1735 478
1591 426
1822 2161
530 4230
2287 974
686 108
110 336
310 98
1418 295
607 867
3616 101
411 320
1084 108
412 98
746 4205
726 817
2290 2088
4026 901
1171 3172
72 97
2194 2201
363 279
101 1141
1873 407
3957 343
74 301
635 318
1214 557
760 274
273 850
874 2188
274 535
1088 567
448 1661
4280 4282
2750 264
258 2191
1524 115
2102 2864
4256 98
1741 115
609 4118
103 296
444 778
1503 279
1073 264
262 2359
300 121
1342 279
282 1242
97 1647
1876 122
1393 115
373 1196
258 321
615 274
744 1194
448 1385
727 261
302 867
497 932
282 274
119 2281
549 1600
621 2148
2365 2161
619 770
790 279
293 317
3832 4313
747 1765
378 101
4165 1880
2642 596
3299 638
4324 108
869 1889
621 2001
260 3089
4314 121
1712 115
2927 3930
112 101
114 494
3307 112
745 115
4306 111
607 531
731 729
1072 290
4257 386
1204 478
447 1454
719 594
742 4341
339 2078
2591 290
269 321
2646 673
747 103
1448 366
74 420
529 290
2348 279
277 4326
4277 302
99 2068
108 1179
3760 111
1789 279
77 1514
812 317
1324 108
1897 115
2613 2731
1500 264
1843 317
1073 115
285 291
404 286
1003 531
4336 4337
4038 3920
1639 117
77 498
109 109
373 286
858 3475
352 4357
4247 1575
579 407
122 1273
4329 4363
46 46
269 4367
277 1090
2068 1624
672 611
276 4374
2338 101
97 98
282 815
1814 3216
260 4346
3008 121
77 1307
3581 1604
4355 1642
1746 100
589 2740
2300 100
271 666
1474 2135
101 102
370 1276
630 100
378 852
281 509
2441 1585
2816 490
259 120
333 311
260 3529
1138 291
335 543
1603 396
3035 115
1021 1717
3724 111
274 317
2835 97
2255 2162
270 813
4033 864
3483 787
421 385
1089 288
374 2896
3801 4349
703 4406
4237 4387
672 339
621 1566
112 308
4003 97
1527 1974
304 385
1527 116
2878 290
1228 4317
304 543
267 4245
110 1247
4358 317
926 98
635 312
4350 4444
503 114
2066 3224
3183 4310
4305 302
1772 1149
2363 97
32 4133
411 341
4079 560
635 604
1464 655
1596 2404
807 103
2116 1270
4411 101
2267 101
3605 475
3664 2161
955 2068
2339 1456
1272 354
392 111
32 330
582 4458
4452 1015
789 4143
2158 4075
1506 115
323 1247
700 4476
4470 3557
260 314
3878 798
665 268
385 560
4426 302
4394 303
630 2069
3292 264
4176 2068
3596 4469
2978 798
1759 2605
2559 296
117 317
2658 290
1631 2529
1138 341
1626 105
744 2167
4485 1677
337 3729
3544 4434
1011 596
552 910
1132 101
686 426
4496 2896
263 1295
1088 3427
4501 1671
774 296
738 3005
1710 3152
450 613
929 279
1200 3005
1684 394
2169 290
546 1877
276 402
1955 604
652 1669
2841 4498
115 290
2664 385
385 1242
607 1551
4510 121
3105 264
273 618
4519 330
279 99
282 4520
963 115
1813 279
910 107
2578 733
356 4109
1897 290
837 115
2053 2041
116 937
1933 4540
109 296
2255 4402
579 98
1049 317
104 647
719 288
4370 787
635 1498
277 4534
745 852
116 475
1133 121
3269 121
81 117
507 1823
87 4199
307 560
400 1247
858 98
4129 3171
277 568
926 1048
4302 279
679 780
726 100
99 875
289 303
108 279
599 1085
116 101
119 613
549 808
65 261
275 2567
1468 4524
1038 1820
268 349
411 4404
556 2274
2246 121
635 4559
119 2182
258 435
4529 751
582 115
1610 290
3187 1537
1070 101
2645 702
2822 98
4572 392
301 4443
479 4530
4208 1304
4573 312
552 271
2273 490
2641 312
2146 264
553 1015
609 4593
266 291
2226 115
2856 4592
4269 815
2439 264
387 1456
270 1670
3470 543
1645 842
4544 4583
760 420
1996 291
2150 1139
1466 996
880 288
2280 3399
269 288
1782 2960
4263 4566
3953 751
869 546
4036 264
1034 115
370 938
4603 312
514 2463
105 852
294 1515
1738 115
333 432
2361 1773
258 4009
4554 279
1723 538
105 437
1157 317
1814 594
2031 115
115 274
2694 996
1128 115
2179 317
1084 630
2611 1498
114 290
2143 996
2133 331
2228 476
312 121
1766 1742
3060 1321
1791 102
1826 115
2693 264
267 777
294 357
900 1058
2414 494
1615 268
4661 3819
327 1476
1168 264
1007 100
484 101
2477 264
4389 980
260 4362
635 4662
891 122
3256 1719
373 101
428 704
573 290
1613 317
4665 3368
3003 426
633 4578
295 696
293 286
728 279
333 684
1906 804
968 290
589 882
411 615
337 1090
3120 312
2389 264
285 787
267 308
2220 1640
1435 257
118 3502
337 630
4672 499
4471 279
109 318
505 4417
2499 2384
771 115
260 938
2243 996
259 321
722 555
2114 271
3002 407
277 588
3553 3171
2708 3149
1639 317
374 97
914 4567
319 102
1566 328
373 989
3707 1537
821 655
1102 3534
1229 465
901 780
284 4699
1132 3445
4694 1454
2332 4723
743 2701
4445 467
282 428
4123 768
1047 286
292 3089
665 456
4671 302
315 486
633 647
4687 604
2109 1609
282 462
672 349
3256 4695
267 456
700 108
2121 121
1128 290
284 317
3336 780
390 4716
273 804
378 2209
466 1742
1132 3294
4743 4681
66 4294
3887 3291
276 2333
3976 341
335 115
1813 116
4721 1637
2307 341
1089 4309
1310 336
2331 290
505 2581
1167 322
1720 4428
4747 974
678 560
3847 303
832 4505
496 279
599 111
3779 268
273 604
1607 951
418 110
334 2106
278 4768
2280 729
1933 1918
283 4571
633 488
547 99
587 509
986 613
1165 1015
3928 121
105 98
1686 3223
821 3294
440 115
1955 688
3422 916
104 483
292 1742
4784 980
1996 4795
3709 366
514 4334
2054 261
324 629
1109 115
613 289
277 4801
545 46
370 602
327 1629
2785 478
1894 114
4802 331
1543 296
1591 605
2532 426
108 1841
891 291
584 594
1993 426
333 322
3054 271
808 1008
68 293
2330 115
800 4821
708 409
935 1685
1174 322
928 394
4805 288
285 4804
2756 264
262 1666
682 366
289 290
278 1737
1457 290
895 290
4825 279
3152 286
973 268
282 3007
1230 295
1806 115
2150 279
79 107
4259 560
1432 619
729 121
304 847
284 932
1418 290
97 104
4619 98
411 3680
2228 4220
324 812
73 115
2232 4651
1919 4558
1366 905
4705 4850
2474 257
686 605
854 942
453 2328
1812 308
2193 314
533 311
2745 4552
3046 1537
3223 108
659 877
2890 264
4195 308
302 407
4204 115
2361 440
356 2731
87 4416
39 341
401 947
485 1881
466 555
1519 115
4262 397
409 3247
483 290
760 812
427 4886
725 121
4775 4708
334 2190
821 1551
1070 4871
114 2462
260 4839
3054 4895
891 684
99 1270
3558 4637
89 629
829 111
4897 2407
33 39
737 1125
288 105
2128 4815
266 1149
378 99
370 655
635 1049
2245 290
1021 546
4853 302
3845 1990
2925 366
415 115
1601 1609
1373 115
655 264
4169 264
298 813
2666 933
3361 264
352 2209
2447 1647
305 1884
300 3242
278 605
2297 394
1196 780
4463 341
1733 2088
330 1965
3416 506
2550 2165
453 1965
2717 290
2504 300
3629 264
266 317
120 121
512 4116
3687 951
3636 4931
1601 308
497 561
901 394
3962 257
449 311
3043 115
3656 264
416 32
902 3883
411 115
336 860
259 4482
3671 264
32 86
1798 3368
4264 4934
880 875
917 475
889 394
3526 4674
1055 770
3867 308
677 394
587 431
2798 555
278 506
299 4223
306 634
1605 115
1195 290
2475 3430
365 683
509 115
917 2188
3154 951
269 751
278 1319
4909 4181
1485 293
117 385
3351 115
902 3209
260 2919
282 819
1982 1419
4729 959
545 380
271 295
4335 290
1858 115
386 115
613 112
372 615
84 111
857 604
4563 279
4050 290
2064 394
1168 317
281 3216
4692 264
115 2002
333 1347
4861 804
110 867
4094 751
262 812
672 1245
2775 2864
1425 279
281 400
111 817
269 4746
297 1351
105 498
607 1485
278 1666
1496 121
1019 115
283 490
282 2131
874 111
390 311
3231 366
5022 290
1665 437
4645 1197
280 4641
102 988
297 499
266 271
77 4376
1594 279
262 815
4715 677
117 1784
1263 440
512 440
310 115
609 4956
281 2163
4180 980
114 109
4132 1609
1119 110
280 295
4908 798
1455 115
2588 3509
3842 733
2521 115
3060 756
4742 2088
821 3445
616 4984
466 819
5012 454
362 3937
1022 2698
4008 431
865 268
2891 101
4507 546
373 295
2313 483
1007 899
2810 264
874 2205
3676 397
1228 102
263 5048
4911 1351
1167 1696
553 397
4276 377
672 4568
340 100
2418 437
1308 115
1624 2002
907 121
372 842
1397 1058
400 296
266 462
917 1653
77 976
4847 918
1004 1395
5054 918
5076 532
363 115
2828 815
1601 996
2892 290
1955 274
2262 3972
337 121
609 4792
742 4712
1230 1585
563 385
609 5089
1015 109
2676 115
508 787
3676 5007
103 290
115 490
1678 115
5096 279
1220 317
3777 295
267 1639
357 5020
1230 2845
1303 290
3924 2984
337 5120
4481 2513
1602 397
100 111
434 44
278 3366
4422 264
2297 5017
4997 1097
985 102
5008 5109
4913 980
534 551
3187 426
282 4266
1714 115
829 295
273 321
4164 996
549 2069
83 112
5141 535
3183 2814
3686 4767
2175 543
880 5132
789 121
114 684
2146 780
1751 115
3400 115
39 46
1803 115
453 4301
4231 594
87 375
847 1066
967 488
292 643
2650 3224
2062 1682
607 488
2094 358
4241 3688
450 119
4798 308
258 431
276 331
45 3247
457 115
747 5151
289 490
2522 3715
3721 543
118 312
530 2205
300 648
108 115
1927 115
3988 783
4594 684
1985 1575
498 591
276 1658
1118 905
610 3502
2582 264
279 111
4910 303
800 1639
3985 341
5187 980
1011 688
3697 115
352 271
5143 268
3167 317
105 683
512 462
2157 114
672 4517
1070 97
266 101
400 322
99 996
747 2742
274 867
2348 264
3448 951
3307 2101
333 643
3103 264
466 456
277 1270
359 2083
260 947
117 290
2146 290
32 4555
32 120
667 4333
115 303
2468 499
4533 407
83 104
5050 338
2168 115
267 787
2949 115
809 3915
4589 377
1143 320
2341 115
947 1886
267 317
101 264
3889 846
2291 290
1004 500
519 980
4998 5237
589 293
312 385
78 311
4867 290
378 323
753 264
99 1035
1384 289
1215 475
743 279
66 932
3909 2209
448 101
111 437
3287 115
3519 115
114 114
830 394
1596 1093
744 3991
599 630
3350 317
2244 115
98 683
2649 5201
5027 852
466 4545
122 567
1041 264
3558 716
968 279
579 2038
372 1340
738 538
900 115
324 4713
292 475
1445 798
622 261
2867 1139
5193 683
119 3032
448 300
761 5273
5283 286
792 1918
628 2135
2029 115
1200 1770
284 613
448 336
109 777
2124 1609
1644 115
292 3172
5238 431
45 397
854 1034
2232 4906
334 103
2801 264
87 456
719 1139
2427 2635
678 951
466 274
372 1048
5101 1351
2877 290
373 4875
1142 115
613 317
874 2679
1356 296
1046 311
3576 615
1668 5286
2194 308
330 5272
645 3096
1973 115
4487 121
314 112
370 494
297 1689
3288 115
1814 1197
65 108
4283 1421
891 959
438 110
89 498
1238 543
108 3715
334 295
45 735
1565 4298
4308 560
281 1599
2693 290
346 3203
102 121
257 365
34 44
262 271
387 3752
622 1273
891 2041
534 293
1366 1525
294 1169
2047 115
273 264
5078 121
3805 1389
3686 1687
3423 115
2124 951
2600 338
294 535
74 456
5301 1889
1159 5294
530 322
2588 605
355 116
790 4114
1418 286
79 4985
3909 323
2157 5338
1795 284
562 2690
4820 1525
282 867
917 847
607 655
1105 115
851 1389
110 560
5254 1351
3416 568
5380 5268
1379 264
2708 4680
5370 2814
479 97
4067 115
357 264
336 98
3966 115
4215 101
3889 620
854 1131
2661 4920
2668 115
4229 117
5353 4189
1112 386
1730 264
1046 321
1480 551
412 100
4455 4060
2133 1841
872 101
997 290
791 5346
1739 115
4148 716
865 261
1266 264
902 114
2870 290
277 601
1449 2161
100 560
4017 1083
5376 619
1007 110
1262 864
412 109
1645 5251
1644 2069
4658 394
3193 112
592 2997
4147 100
725 905
359 121
262 293
1241 4076
260 551
4942 4293
1025 115
706 342
412 110
2157 5327
897 535
5320 432
3687 308
4988 308
99 99
5311 819
2360 279
5271 2894
3924 3366
738 947
1229 696
276 5443
267 2346
2307 437
1084 1742
1067 115
3210 115
1064 3666
1051 115
854 1207
32 1823
3154 308
4066 407
637 1125
66 989
282 2148
2120 264
4597 3534
4990 1877
2656 1388
1107 264
285 5086
1048 483
635 3336
258 947
352 568
495 322
720 3486
1138 611
277 407
554 1640
1200 5323
1328 317
5295 560
5428 1656
3014 2170
1292 1058
3825 264
1386 1836
563 103
1924 115
1596 115
829 2317
2186 567
5463 5178
1254 478
3810 264
902 947
270 652
4849 115
1381 115
267 374
1919 108
1138 5475
2221 4887
1310 366
1949 290
4045 115
5391 4948
1681 115
1263 264
1623 290
2062 3002
3365 317
4928 104
512 2663
1695 683
324 117
812 290
4148 4629
4218 764
105 296
109 591
2272 101
4047 477
114 115
5103 308
1763 115
352 787
1147 5085
599 302
289 906
460 5127
110 4273
1062 2487
549 3475
1063 264
411 308
1046 2567
1251 98
3526 3031
854 1358
1418 101
5199 1585
497 518
359 330
508 1276
284 290
109 506
832 980
1666 121
5496 683
3627 115
1070 932
1871 4273
896 2523
483 1202
3867 996
4902 1181
1011 5559
580 2122
287 397
386 121
324 1629
415 543
1724 3209
478 1125
3146 1953
463 97
4017 2170
278 988
646 3937
1262 1351
1323 290
3061 5296
285 5438
652 296
1211 4977
562 5525
260 1675
869 102
774 115
373 357
5405 773
3582 291
105 107
5144 311
388 290
1185 5551
809 2106
277 1656
967 114
3193 3181
1793 115
5205 1082
5495 1737
352 1389
3707 426
2233 490
308 121
800 3044
2538 1419
1919 119
1067 290
5006 290
3842 933
292 1653
83 257
893 291
273 5246
2828 1461
297 4114
306 509
3013 264
1613 2513
973 103
277 849
1605 117
2171 3260
1906 780
275 879
3321 290
2978 1376
452 97
1565 308
3099 317
4258 115
1876 1717
4430 808
108 296
2406 4647
324 1385
71 428
333 1770
5108 783
258 3399
3845 773
4399 988
1228 4542
275 989
267 318
267 506
270 3915
2203 290
1879 115
5476 2814
5252 5034
76 403
829 2540
5349 323
4810 3964
4785 2201
1917 115
1735 899
3459 290
3557 557
5504 5010
4707 875
567 1194
2147 290
2363 101
100 290
79 114
281 538
479 274
5075 494
5535 1843
1735 1486
2680 290
260 105
738 1551
3514 264
880 2917
719 366
2475 1585
120 117
1976 279
2297 3000
1144 290
4108 3972
450 5661
896 5536
3636 274
45 5658
2761 115
2641 2556
421 110
5442 121
2313 4899
306 5517
4010 560
111 104
5304 268
4056 1535
719 2540
2881 317
5672 1380
719 3680
5634 117
1789 290
294 108
5540 1694
1261 115
370 2378
787 121
3483 3831
5069 116
483 97
412 2065
117 5678
463 121
46 39
5133 1794
990 2170
5653 1988
2447 5156
97 996
2195 683
2443 300
4430 2673
276 5712
3779 1255
278 336
1215 630
45 98
900 543
2664 696
686 2476
2418 321
5407 336
1200 5191
3175 780
412 1921
1254 1093
3132 290
442 813
616 293
1919 321
1246 97
829 288
1856 115
319 385
1214 349
800 629
854 1161
929 683
267 1696
743 268
324 1395
1302 2056
276 3260
411 1104
2176 1113
610 4319
2090 1609
4270 1245
1056 284
1142 2681
370 98
1993 366
3391 115
4495 307
985 317
110 317
5277 4293
854 1408
337 1242
337 2148
678 290
2267 509
4215 317
5542 435
260 4319
111 264
665 677
5202 605
3457 157
800 551
258 301
296 97
97 289
2016 115
1118 4569
719 844
103 683
69 120
264 5766
5789 1125
3777 1585
1357 353
968 115
552 111
2796 115
672 557
854 1630
677 97
89 101
4766 100
286 115
1118 268
359 314
1254 1974
107 1255
4047 906
2105 290
3262 290
4762 264
337 290
1860 1843
485 5790
5005 264
373 476
314 97
281 925
322 683
1320 290
266 3897
2215 264
1038 4420
1203 867
324 272
600 3897
2522 1572
4492 1125
347 1015
1975 115
3847 1419
118 97
106 336
3964 4968
2882 604
613 477
98 867
781 5833
111 764
294 5798
1175 105
635 386
2237 349
258 368
521 121
1729 2974
3685 290
352 3831
122 560
5644 394
2825 115
2053 1888
332 112
324 5571
521 264
359 793
350 980
448 117
3538 290
104 1255
275 5826
5544 543
372 925
4339 1609
4955 2417
1956 897
3574 770
712 1058
991 308
278 386
854 1764
262 604
2076 365
65 104
635 2205
5842 535
5299 264
558 111
4739 1539
5023 115
1310 602
944 3203
1214 5835
390 922
334 454
2807 867
5619 1035
5851 4239
5372 2317
122 296
5257 1048
4621 264
3581 683
3009 1590
306 3209
1015 756
3485 115
2150 1737
436 397
5726 108
2641 308
2629 115
3988 704
5618 1419
5520 339
2062 264
973 2106
1011 5886
5723 426
264 5664
713 1918
279 110
85 104
613 303
281 2096
1569 5208
2582 290
971 290
607 295
549 98
5918 3509
5627 1093
2958 5858
3670 115
5767 1888
633 729
5631 264
374 101
4835 4722
609 3699
2218 107
4512 303
1627 3291
3193 339
1075 1528
324 2702
2848 290
1479 5832
267 756
372 494
738 301
643 264
2615 2984
1802 5347
3459 264
306 97
1302 5888
3029 3819
5731 780
1215 604
971 264
4957 341
1739 290
609 5316
1055 1049
2314 290
1504 3242
3494 852
262 399
464 115
1167 1884
3390 290
317 396
258 105
590 5113
1357 852
337 1389
712 1093
821 1965
82 5160
533 1389
854 1587
951 783
4241 5041
45 102
1613 2556
83 532
281 1295
5976 105
2232 279
2544 1575
3448 394
5620 1351
1040 115
102 274
789 312
2891 5961
484 543
1099 2728
118 268
4703 115
707 5971
274 1392
314 1974
32 843
1782 290
390 1461
2662 115
479 2803
278 568
4939 2041
356 5565
622 5847
722 117
347 543
1933 696
1054 2165
378 264
1385 1974
597 2635
460 5983
1015 822
5939 121
865 358
1243 861
6002 394
1280 115
448 1049
1485 105
2224 2999
2235 290
280 366
262 5908
447 2404
2012 115
5831 613
4180 3007
74 643
829 5713
3427 397
305 4993
4999 1125
5423 733
1627 1093
277 4266
1678 551
1725 290
5703 322
1263 290
2093 668
902 4848
2578 5534
2978 5220
584 120
5222 420
1838 290
5788 6028
860 116
1607 1609
2439 290
3162 290
1051 279
5997 5940
105 288
292 101
4132 308
2325 560
1203 115
1133 290
282 391
296 1978
2016 683
2648 780
1105 279
4833 264
5432 951
1607 108
738 264
301 1340
926 1193
519 101
87 472
260 467
541 951
821 1658
4560 317
3235 1376
466 1395
1038 2163
3344 121
4495 951
1955 1820
267 328
257 1972
1956 4239
6016 932
448 303
334 357
738 655
1292 115
1709 996
277 386
2631 290
1496 604
275 638
1233 279
5021 302
4455 407
373 303
701 115
280 1485
308 101
1744 317
1500 290
4590 1093
273 476
3162 264
5799 4852
5377 1609
5953 264
273 314
1428 341
1591 5855
373 521
4308 718
112 688
3049 264
5783 867
324 6055
2972 115
5167 264
609 629
589 112
4384 46
3985 437
4283 910
110 1041
324 5782
4010 5710
1698 115
278 6116
5515 5210
2801 279
6109 109
5781 279
902 3027
1767 6024
2149 115
373 291
3537 115
67 104
1369 2122
917 5258
553 1537
1099 317
5840 2984
3927 517
2236 5521
337 506
3616 1392
1105 683
1186 290
1431 867
1967 102
283 1093
1639 951
508 655
2421 394
1063 683
373 111
1164 2999
277 1611
334 861
320 115
563 1033
549 2417
1010 5225
4773 120
1308 483
1011 102
4613 264
1582 5175
2794 279
337 5910
302 97
293 290
651 5550
599 423
607 1661
276 5394
404 4420
901 1988
6036 394
4597 317
3925 115
3575 1255
1592 543
549 1538
373 366
5975 1201
5203 652
637 2727
1227 3035
32 89
2348 290
3103 290
512 5719
4503 4060
305 630
1799 264
2666 733
121 272
3253 2556
448 2346
262 729
442 1670
302 1453
2448 115
6197 295
257 307
2316 634
1099 1682
5750 780
5959 115
1138 1600
333 3100
82 111
278 1770
509 317
108 551
4773 1095
512 428
1964 111
3252 115
4339 308
259 365
3331 115
333 3463
277 1536
1815 906
359 3142
791 109
4487 867
373 5815
278 296
293 115
2763 115
105 358
613 109
4008 631
5868 652
2230 1376
1582 933
898 290
3108 557
588 101
97 1717
821 1270
2708 117
5871 264
485 3149
2591 115
3428 115
5885 394
902 321
2829 264
333 551
1011 576
638 467
273 6257
1976 2251
294 2480
2215 290
1906 317
1735 349
273 1421
1591 349
359 2457
347 4223
2756 290
1039 317
1038 652
4939 1538
109 613
6120 951
3709 4382
373 4298
324 3221
1059 115
1993 1537
953 3017
1233 308
1751 264
103 111
1046 300
533 678
6086 115
6167 2277
533 3755
448 5926
449 284
2062 1988
1243 4744
324 726
4835 6180
724 1640
854 1722
3285 121
330 105
2273 906
277 822
114 1528
2829 683
359 669
45 5694
5231 279
1759 115
277 623
3106 718
104 804
533 2765
342 683
1317 290
2034 391
1487 5569
5420 115
5417 268
3426 543
1263 1773
584 108
4809 264
1047 6236
5944 1245
1622 115
4391 366
288 1609
985 110
337 847
621 4116
100 867
292 6245
6068 875
4832 951
5962 864
412 4769
527 2727
3276 295
6189 6272
66 357
4437 121
267 2436
3054 308
678 394
621 451
738 336
3724 1624
203 156
545 6345
737 2727
4696 307
1669 815
84 472
731 268
1993 2165
2441 1351
2283 115
4066 2404
967 6297
501 264
1425 604
5545 602
5319 490
2891 432
1302 1717
277 778
6227 1841
550 951
6112 1247
429 901
917 2657
276 1461
6367 288
1369 279
2465 2864
291 2002
6292 428
2420 2487
1679 535
302 1626
5242 121
682 317
5727 328
262 322
282 5553
300 317
4464 290
294 2721
267 844
2336 290
3049 290
4425 121
3760 1624
3009 386
902 1378
82 374
1013 115
1799 1015
6031 1886
378 615
2424 1501
2062 290
489 44
6042 99
2150 6300
258 121
295 1918
370 844
971 2556
3492 264
2044 317
292 6100
319 1464
2450 264
317 1340
269 105
1046 521
285 342
584 6125
1239 1809
281 6412
902 336
397 615
1324 295
1399 377
4327 115
259 1048
334 121
6425 2239
1061 3203
448 4301
507 303
260 4789
985 6420
898 115
355 817
4268 115
2596 317
1785 115
107 121
498 109
6401 576
809 557
2641 951
352 1116
6104 392
4056 365
1006 264
3729 317
512 1389
448 286
616 5801
991 5632
2267 2669
70 815
1814 420
2447 4382
260 4181
4195 996
5635 1178
3649 121
1118 308
3434 115
2953 115
5588 105
373 97
1089 407
4810 498
3801 6446
5482 1626
854 2227
736 487
63 39
5403 264
294 615
282 778
258 6154
2887 5239
2832 290
506 110
1702 279
2694 867
2431 852
1015 115
4957 437
276 2001
390 5992
1723 3666
6431 6059
6397 293
111 4517
639 2681
6315 1422
350 623
1246 6017
2794 290
119 1024
3361 115
1352 115
3008 867
5033 1585
330 683
385 328
915 6488
913 783
602 116
584 5181
4147 2517
1789 1008
3505 6046
967 312
4377 97
981 5528
291 264
278 6324
3429 2556
272 385
2757 115
2105 115
5228 104
45 116
4726 264
5203 289
4807 290
3271 1658
3039 1287
6137 111
3887 5524
110 683
4512 6208
359 1515
275 669
2603 279
5231 3081
5668 683
3047 121
1639 290
5505 716
2522 947
2342 773
1846 2456
118 604
3976 437
1070 121
621 6503
114 330
295 1385
1181 295
5679 341
4696 349
3505 1921
5695 899
2338 317
607 3151
3605 1653
3713 115
462 426
87 257
878 2039
902 108
1462 279
932 5837
1193 906
902 111
3442 115
1310 279
277 643
450 740
484 115
305 1202
880 1694
6522 996
3568 115
1308 867
854 1960
5814 2803
5764 264
829 117
305 2457
280 1389
5594 5180
3664 1886
258 6499
1712 4899
2154 812
291 317
505 521
4054 543
1073 290
821 629
524 320
616 114
116 308
3774 115
278 2765
1107 6545
1070 922
6582 303
6430 6218
4264 105
366 718
110 111
3230 1528
1027 121
6564 284
294 99
4216 652
4020 467
334 336
2016 279
821 4680
1983 115
1346 279
3117 2556
1144 115
4809 290
2771 115
463 114
854 1777
99 396
6541 300
365 602
112 506
1118 2032
300 115
3393 115
1025 3486
78 368
330 899
1797 543
485 1295
891 6615
429 3289
829 257
985 2068
1415 290
2093 542
6543 1376
5440 867
900 116
2566 290
6247 1116
2441 2845
5611 867
983 4546
5689 1013
854 1318
1553 121
6637 2673
98 735
1160 542
1884 1609
2057 1287
1732 115
2708 6404
2118 1836
350 320
5435 695
5792 264
333 5186
3742 115
3002 2002
295 462
357 317
690 4546
1462 317
262 1255
1316 110
5741 437
411 2137
99 683
5214 121
407 1719
1612 543
363 683
1418 6477
276 374
117 1647
6067 290
3154 394
97 366
1011 115
549 901
102 400
1922 338
3500 264
3437 115
663 290
739 121
276 1642
76 923
802 996
2515 338
1500 6659
2280 4076
3505 320
3544 2384
442 4522
277 302
372 385
373 6323
6667 1198
1782 296
524 844
560 338
3061 6620
5167 290
359 4848
609 328
6332 5776
274 696
1262 3430
697 611
5161 1113
1234 121
5583 115
542 114
1089 102
5287 560
294 301
100 264
4533 2404
3953 1585
4164 951
106 111
2102 2032
333 4834
5777 264
1490 6678
609 509
259 3688
292 1436
3544 864
452 110
616 3366
3505 4769
76 101
1418 6462
5503 1740
6714 6544
71 4993
258 1196
2313 115
1070 5160
276 1201
4658 560
99 1388
4231 2101
1881 103
3871 100
277 1562
667 5771
6058 264
1046 6559
501 3203
466 542
274 5041
2475 2845
854 2386
5725 980
5033 677
733 121
1254 1058
372 664
719 6310
337 2001
72 634
3443 115
3936 264
1886 115
722 1566
354 291
1400 279
84 402
2287 813
1995 98
1613 899
34 410
1174 5258
346 1988
112 114
5977 2404
5856 764
6099 1841
609 947
32 81
1607 5181
6629 4978
829 428
1038 729
281 279
2792 6769
2941 560
1527 773
6385 5707
1449 4542
2787 121
4422 551
99 1677
1300 1685
1724 509
3586 293
6747 6654
294 3529
2332 3100
6728 3291
6306 268
1610 6421
2979 322
5214 1609
5839 740
1860 2060
1191 290
89 976
6090 279
269 1388
373 6726
738 3666
447 5309
6694 3076
2564 377
2338 290
2676 318
264 115
266 808
6768 6349
3990 6746
584 3248
798 296
411 465
496 683
482 114
4391 394
887 5309
982 121
333 947
6748 308
337 909
4507 2308
365 121
3114 264
4345 115
1424 116
389 264
507 3755
79 4978
1878 683
110 101
5585 5421
1451 550
121 317
49 48
6717 303
385 825
719 1809
6343 1626
374 696
268 116
2905 115
6424 1862
804 121
967 2567
82 332
524 925
69 119
5061 115
269 1891
111 1247
6215 288
552 101
1925 115
270 103
6739 798
599 288
657 115
1103 257
427 431
739 560
5447 1097
6753 101
891 6876
99 108
4737 264
337 475
359 420
530 2404
1170 394
3541 115
74 3883
6340 4722
3284 5817
1449 2610
5424 551
1583 115
288 1535
1070 6670
2522 6865
955 1978
781 116
1613 115
1379 115
2666 3444
293 111
323 121
5611 6052
1934 264
6783 6826
1601 115
278 312
2093 6010
3143 290
292 350
983 844
74 918
1159 2039
1092 290
1006 290
840 2417
3962 477
5984 264
703 6635
298 308
3871 115
3061 6851
274 780
1294 1609
2355 290
1870 115
2525 112
1624 296
609 6927
6224 4220
2522 638
1945 115
1022 561
6896 1841
2801 290
731 538
3314 2165
306 3217
412 905
787 279
269 662
1698 780
45 45
3530 105
6822 906
6929 849
621 6205
45 1113
6943 6237
6813 6647
2251 475
638 99
1610 1843
1919 462
856 279
1611 296
318 121
281 328
1200 3991
1157 115
466 3602
4488 317
6696 271
411 5912
2650 490
1286 2529
278 1389
2047 487
6703 1240
599 117
3528 109
508 925
905 1988
6970 5207
5426 6598
744 2328
411 1179
609 6534
6176 115
393 100
2904 264
324 105
599 6900
512 1566
266 550
1503 115
282 1456
607 494
1870 1058
5332 538
333 6955
449 6328
3526 2957
6092 115
5021 1843
87 2722
2107 487
429 506
386 394
2267 288
262 2722
1922 1538
4673 103
6418 1083
6073 308
3695 290
3062 317
609 6951
7007 478
1569 1687
365 521
4050 264
294 374
1912 119
3651 394
1607 115
303 105
119 107
3118 115
324 5579
1310 846
672 546
6555 101
2647 290
297 3517
281 6973
1071 396
79 462
579 261
1813 1974
314 1332
307 296
3492 290
297 815
285 104
677 2803
2287 437
1582 5991
678 97
3438 115
5222 521
346 1961
514 5524
5001 290
1759 5805
1165 279
45 905
66 328
65 377
3142 844
45 7049
821 5935
1798 115
2218 349
5265 103
102 394
356 475
1089 673
356 4009
1366 5114
2385 546
2199 115
2792 666
485 6956
672 1304
897 780
361 543
2055 115
1637 407
83 620
4820 5114
854 1224
6679 535
7013 5239
5803 2028
6674 1670
4399 4996
4707 1694
2093 105
1731 290
1840 115
1262 119
83 396
83 798
6984 4569
4045 7068
512 296
400 2205
4785 279
3416 1389
621 7087
278 947
616 317
3198 100
874 1376
854 1638
1956 937
807 3427
5265 6837
3083 683
324 718
1982 2239
6302 560
925 279
753 290
1160 1180
278 560
333 6217
616 101
3139 279
1416 6377
3458 97
1070 3192
1944 2018
5377 951
2794 115
2760 317
887 6341
3683 996
299 7017
1350 115
6871 1340
858 6972
1220 290
3373 1575
1225 543
6053 2013
306 1307
119 6308
854 2921
277 726
558 727
2213 115
955 6668
706 1048
3292 115
1567 115
7097 817
3758 264
6220 2101
281 3129
840 6007
686 861
324 2188
2313 5853
985 2610
1118 5114
2395 4545
373 647
6264 284
118 677
607 613
5440 312
352 723
738 3699
902 3149
6132 394
270 6365
6472 7030
722 311
780 97
1584 487
357 1624
5075 394
6992 290
2573 264
1368 1836
1038 1666
1261 683
854 2560
685 102
2942 290
1442 115
303 3242
753 6681
553 110
4832 308
116 257
66 374
3095 121
372 118
4673 300
105 1245
2625 394
633 925
2447 7038
640 7035
273 5393
2055 290
271 121
6983 1139
1909 394
5585 764
2043 115
3967 115
333 391
308 1974
466 295
772 111
4094 1351
282 2060
6284 279
4673 1111
5668 279
973 882
4503 787
2231 264
1649 5010
4170 290
2267 286
691 115
3518 1419
4339 951
1264 391
6155 116
702 773
6798 1990
285 5447
306 1339
3607 264
1070 286
275 4713
1168 279
70 111
6969 4382
99 432
2310 101
599 101
512 1329
5261 114
2005 115
579 99
7228 652
5816 279
101 844
7181 7128
98 2457
630 1284
69 358
373 2567
865 6539
4129 7162
4259 121
77 974
1130 604
761 6617
1211 6481
1437 102
1388 477
1582 288
1366 353
7170 718
363 3486
98 321
298 110
395 317
292 7173
76 5579
297 462
275 432
102 1737
277 6950
294 619
519 567
2844 5421
370 864
412 1149
297 488
281 1696
1403 279
512 1773
6697 5776
466 1255
985 6162
579 1990
98 980
270 1029
45 115
2792 112
2826 7275
363 1498
3114 115
3230 290
2848 317
584 5830
77 815
719 323
7254 107
587 932
599 7160
607 561
1239 3930
1203 604
5605 108
1729 341
7288 6830
5839 813
7025 115
5741 813
292 604
99 392
426 290
99 97
3037 5805
301 386
981 114
1496 431
2394 115
1132 5935
111 339
112 1104
599 1737
266 2308
2175 102
633 4076
678 1609
7130 4522
3732 1539
2401 115
902 104
390 561
86 3081
4612 115
854 1664
927 684
7092 6114
1132 6759
257 119
725 6722
76 1395
466 3666
98 7237
1327 100
6700 5787
277 6737
258 867
465 115
1799 290
1473 279
3020 2165
281 751
67 108
4663 264
357 290
4262 817
825 97
282 399
63 434
298 550
6463 101
259 2970
6575 6491
297 3151
5823 684
2090 996
117 864
2566 115
1086 394
790 483
1011 119
1923 1867
404 2096
2267 456
6465 4996
5435 279
5803 764
7223 1095
411 374
336 377
5207 2281
109 2731
5168 290
335 109
297 6675
258 291
286 290
7145 3336
963 467
359 4294
4094 1585
505 4492
319 106
1678 6538
4047 490
277 515
390 328
3061 100
2062 780
87 3149
327 498
76 2248
485 588
372 875
3514 290
534 117
4620 115
6160 980
5332 4334
303 867
306 7369
2208 115
1806 7331
1191 264
6788 727
259 289
6594 121
2329 290
738 3991
268 111
3276 602
4955 6007
1174 1974
3777 2845
421 1033
902 296
2873 115
282 1255
1220 115
2486 2452
7180 291
352 2487
677 4109
431 121
1985 264
344 268
2810 121
925 121
2267 476
2810 290
289 99
6134 268
4563 1139
306 1677
550 290
373 1319
412 861
6325 4239
258 629
2243 951
545 44
4384 424
4155 115
5423 933
1439 317
5725 2780
7267 996
325 261
2389 290
269 7317
494 290
3962 490
450 320
6492 302
5249 290
533 844
7451 407
4990 4789
258 2496
2280 435
3325 7196
6226 115
4543 264
3574 290
6134 97
1976 6114
949 5175
4003 613
1054 454
854 2446
3213 1180
4078 290
1004 7422
3123 683
7332 937
6715 268
2423 1775
967 3279
768 317
108 852
3672 264
390 846
4208 4977
2891 7309
1659 1615
972 279
275 402
86 1498
4081 331
600 7477
603 397
854 2059
2361 1579
337 6560
1107 121
333 1276
1442 116
289 1988
282 7398
84 432
2851 4189
1724 111
3154 996
6085 648
279 107
273 7421
6318 812
374 2002
444 7302
366 290
102 399
2942 115
1655 121
738 3289
2762 105
83 7324
736 290
6889 1270
296 290
949 407
2336 6901
466 264
1241 561
485 620
342 867
7473 279
1437 1952
6160 303
6567 115
485 291
7474 5991
1107 115
277 4875
902 7215
7299 535
5711 560
807 6744
2255 118
404 551
811 604
2474 6590
260 121
2650 1392
73 110
2360 290
854 2823
6962 4948
635 3260
610 7496
2305 467
99 1535
260 272
412 648
303 5384
1151 121
1141 121
5676 264
582 7509
32 88
4503 3831
1723 611
119 257
324 808
3177 115
2600 323
4399 386
821 819
1007 350
1418 2473
3061 5225
4383 115
370 6821
97 768
373 777
4988 394
2816 906
1070 475
5545 5988
350 101
5265 4744
2091 3007
7386 1971
887 1803
1982 303
7582 397
297 105
297 7426
479 2909
4594 1685
119 101
991 1836
6619 115
258 288
7217 613
99 386
366 560
2343 704
2000 288
278 2540
7597 551
6410 1198
3595 115
102 1276
3810 290
258 1770
97 1921
1317 115
5816 2561
276 386
607 1770
854 2098
2365 7590
3422 2038
4066 4060
119 1671
108 815
547 4546
3579 456
5310 115
4739 114
5764 290
485 4416
2565 115
985 5988
2226 264
3075 7549
448 641
992 108
2832 937
5055 1886
1730 290
3014 959
109 1139
2353 2731
2410 483
6439 394
550 560
1081 115
3574 2088
7334 1585
109 115
359 6682
616 2814
6829 3059
6976 2984
1665 813
7159 1093
7367 576
412 114
2048 101
69 109
321 478
507 7433
5543 1886
869 683
378 317
725 300
2102 317
7227 7508
902 117
672 7523
411 1526
3685 7260
3542 115
1439 2767
7591 537
505 7503
3429 596
1591 341
593 121
1610 115
1196 97
7262 1536
2384 751
7358 683
3084 5034
4309 97
3914 115
6909 112
2953 290
327 366
497 2765
45 6282
318 264
97 97
5515 2002
359 322
2918 602
7679 2101
729 308
935 4834
6787 951
1372 290
1956 2251
1919 577
7606 6702
281 488
278 602
599 7449
3928 1575
1611 101
6632 116
609 4712
609 989
4555 521
2267 300
5216 115
3705 290
2573 290
1328 290
2424 5393
865 320
3292 290
4731 264
32 1664
6053 844
2120 290
7319 291
293 279
2318 394
7427 951
295 115
1049 308
1049 996
3231 2165
1536 97
7403 293
2843 780
584 861
1243 103
2891 506
412 7675
5068 290
337 5186
275 426
453 844
466 867
1920 551
6043 683
3326 4482
1306 290
45 112
4657 290
4269 3260
2610 867
2716 115
4216 2635
4177 264
1457 115
514 6010
7738 2542
1965 115
616 629
282 629
5448 115
4867 1351
4504 290
412 3242
2069 3279
280 494
1617 317
847 727
269 328
1011 4767
298 118
77 1378
112 296
6827 397
2870 279
5257 300
1822 115
2377 2428
359 350
350 279
330 490
686 2997
267 2163
5740 517
6525 1538
7513 366
610 108
3646 7699
760 101
267 1734
1004 101
268 1093
84 1321
118 1498
1752 7055
4798 996
119 684
1838 3007
119 601
2418 813
1088 99
278 759
105 1082
1658 290
3795 613
6643 264
530 2690
7799 683
6283 1888
369 727
947 317
6660 1125
98 588
258 2900
3505 1033
6527 115
3928 2161
1228 115
854 1602
1165 394
672 4641
45 100
294 7804
3222 1015
7024 951
747 7757
74 296
475 116
719 613
562 1585
5057 560
2200 115
1132 3035
4412 1058
315 5632
512 386
5977 407
854 1771
599 819
985 615
5299 290
4231 112
324 2567
4169 290
579 594
275 121
824 988
3653 773
2801 683
1088 111
3559 4133
1308 264
7273 1351
2310 1247
77 567
1833 655
7469 1139
6504 97
65 307
3968 115
809 1255
5168 264
97 320
891 1978
7843 1886
260 456
1859 115
5202 7301
4701 290
322 290
1488 264
809 349
2978 498
7374 1093
1938 2039
699 98
945 264
2867 683
45 2162
294 7724
442 3755
479 385
68 1742
3303 115
6773 1013
2444 560
7831 4428
342 97
275 7368
466 7668
731 1024
340 2556
3636 6841
302 1604
266 546
1242 121
412 5830
2176 3897
71 312
259 301
542 111
967 1388
3381 115
2049 104
2708 336
6403 4333
7429 1740
7633 947
5587 115
584 7635
300 97
5317 290
7781 1456
2943 996
6606 290
6997 365
2893 336
4287 317
722 6622
839 115
281 6939
2307 7150
854 3413
4214 115
1623 1843
838 1561
4123 764
294 119
6415 819
3948 115
824 560
330 1033
292 655
584 3509
851 568
949 115
4696 339
485 328
333 268
294 101
2267 2148
6415 1624
697 1836
6602 683
7258 3755
283 1058
2600 122
643 121
621 111
390 400
3010 683
7622 1538
489 380
292 279
324 121
97 740
7941 7031
5957 115
4630 290
306 2442
3090 115
6335 121
1168 290
7783 4143
1400 264
1452 261
7779 568
6561 302
278 311
2828 2032
302 478
366 1677
7934 688
7008 115
549 6511
291 5210
84 119
294 107
7911 102
2354 988
3061 7601
7566 302
6504 560
6808 669
6172 394
1316 648
600 867
4067 7010
3013 290
275 3129
373 268
1900 604
719 602
4711 290
6734 634
5683 115
109 867
271 365
5744 7613
3761 264
847 864
5368 290
87 104
3235 5220
324 780
485 7909
653 557
3678 264
7897 3563
1814 7993
665 295
1357 1836
565 543
1004 4647
3820 115
267 272
8008 615
2062 716
66 111
371 109
337 400
7900 1351
359 7893
114 331
2299 115
7584 1803
1049 121
7404 308
7456 6373
1353 115
7101 264
633 2239
414 5834
6453 264
390 268
7340 121
3921 115
371 338
3002 718
5277 704
3442 290
335 4382
70 108
5474 264
45 119
8003 6754
319 478
275 2487
3538 867
3684 1846
1548 100
258 290
411 394
99 560
2451 286
2475 1351
333 5801
2203 115
609 2358
2611 7370
519 6526
65 648
1792 391
1623 115
260 1456
821 435
260 6626
854 2737
65 110
466 121
448 5912
3934 6383
352 311
457 543
2810 115
7536 716
2182 7507
1894 4968
1996 2121
5332 668
109 2328
83 111
735 97
3027 683
442 99
4832 394
3422 7880
5426 860
2336 104
2352 102
2509 115
450 2404
7359 428
6529 97
333 6649
630 307
333 1566
324 97
121 108
1812 951
97 901
1127 604
2280 2328
280 110
449 261
1791 104
281 6854
4707 2917
7263 279
390 6676
4739 5528
1141 300
1070 8069
293 1590
485 268
5381 115
6761 264
963 7805
7414 7964
5419 478
103 475
328 557
6071 290
385 290
3225 1139
3688 704
1420 6767
2557 4769
105 1456
6786 1921
389 1139
2218 557
514 8121
2829 115
2522 3511
7865 386
6782 8073
7842 5086
546 546
2157 521
290 279
603 1640
982 290
6283 97
480 684
6438 867
5689 7001
4611 264
274 115
854 2176
334 7855
5505 8031
7771 300
333 2205
2474 490
621 6708
108 988
1160 117
412 354
77 114
5242 308
4372 317
3843 264
365 1671
5069 7345
4318 290
1624 6796
672 3755
621 655
7373 951
599 366
967 974
985 115
7563 394
506 116
2610 5817
6071 264
607 3699
337 2083
3497 2496
117 366
589 864
1976 6626
2286 115
1070 5843
8081 463
650 115
907 101
913 1033
5556 111
1660 115
950 543
6979 704
874 6676
3693 115
3277 115
6938 5602
550 996
584 320
2124 996
448 989
414 518
1167 4978
66 1639
3985 813
883 1287
294 314
114 729
955 5787
334 2845
7198 6718
390 3260
497 4629
4036 115
3785 780
2883 391
3611 683
3391 264
4719 115
1639 308
4589 846
6602 279
294 6494
2501 5085
4176 300
2267 602
4389 3007
1089 264
1324 1359
7946 7639
486 104
2332 7886
2470 121
269 1395
258 8138
8171 8159
108 111
6284 683
7231 1097
111 99
1039 290
5432 1609
359 357
7505 97
7521 264
505 5853
356 435
299 740
3878 643
5864 290
4391 428
8174 509
45 6500
829 308
1046 1640
7195 815
2297 8149
6945 115
829 638
7266 366
2492 116
772 302
336 727
8071 867
68 634
1810 116
117 486
108 302
1089 844
6563 290
328 905
2522 5191
313 861
2435 290
2832 115
311 385
7028 3964
108 116
8009 312
8098 716
1070 3688
3936 290
32 456
512 8259
308 365
4556 115
854 1676
638 591
1712 7225
3436 4492
274 97
258 268
5419 1093
6286 394
72 3726
1452 8046
68 5180
2360 115
359 7552
111 8223
112 274
4243 115
889 604
2301 119
2380 1918
6395 1841
4263 778
4842 115
2650 279
4758 110
2494 543
306 111
3644 115
8269 302
114 2274
800 498
65 7229
280 7948
359 6244
45 104
78 538
2891 487
983 288
356 3399
6778 291
829 114
1504 110
2252 8168
8273 8292
512 350
1745 901
84 328
1794 115
722 5393
761 3017
293 3897
7540 8307
1132 933
7082 499
584 308
554 543
3490 264
573 1537
5750 1988
2011 115
273 7820
5199 2845
300 1538
6525 1978
621 5207
2439 115
1046 6173
726 2317
334 925
3312 613
2522 420
1070 494
284 98
5253 279
359 2251
2127 290
32 6514
4657 264
7594 341
7838 4569
404 2698
295 716
292 400
114 822
119 1295
442 2209
71 3206
4008 6174
7151 490
7372 4505
1397 115
101 1389
390 7963
479 1566
412 8317
8276 1008
854 4845
607 5834
869 2209
385 121
4910 1419
1380 385
7040 394
880 996
272 4674
880 1389
2053 1978
1976 99
854 2918
302 557
1288 97
1448 478
2573 115
1862 3358
7057 1585
4555 420
319 1918
80 1615
874 631
5441 777
4164 308
665 2900
1981 683
2708 2191
1185 115
45 1994
549 343
3422 4744
5447 8325
7593 114
4056 354
269 117
295 1843
985 118
8381 6796
1724 6173
84 114
7348 279
101 916
806 1412
4773 4942
5133 8106
2477 290
985 8407
5742 2317
4621 290
359 1639
593 115
2307 813
731 5565
545 194
8323 3509
105 813
8411 3529
355 115
669 780
869 1585
856 115
599 7888
32 4887
105 353
108 683
1080 7236
493 478
1892 115
3550 2404
2693 115
2891 6308
6139 328
5417 3529
6187 7670
7930 394
5973 716
4560 115
4079 97
1623 302
294 286
8428 166
1596 1058
2895 115
112 8280
891 4834
118 121
7848 817
2915 8391
300 1978
2883 290
7868 6244
4026 8458
1882 279
633 561
1175 4629
292 328
5699 115
485 1666
7268 290
6403 3181
616 7408
2885 121
3183 860
8371 308
101 602
267 1202
967 7604
285 550
1234 1881
6465 386
75 6234
2102 3358
6981 336
80 321
72 289
267 7899
6492 662
7939 317
297 6660
1021 99
363 100
5368 115
1233 683
902 521
3747 5208
270 6718
118 407
359 3221
404 274
4856 97
369 543
1565 300
5242 996
111 320
4038 483
1792 1639
753 115
607 521
7985 264
294 2398
2342 303
362 517
393 323
276 301
7046 4920
7921 7506
607 947
1814 6754
357 8243
8254 1351
4495 1609
319 842
7832 1139
66 6394
814 604
3146 111
7096 780
7360 264
318 290
357 1682
269 488
1221 121
45 108
534 431
990 4362
1964 7688
3010 290
3421 279
5679 437
306 288
836 290
755 847
8546 867
1011 1090
273 312
7167 951
722 7924
2402 8277
2210 115
6335 683
65 98
369 7989
1070 1490
902 268
485 111
3255 3260
607 922
3521 6217
294 6437
537 483
3824 115
267 8350
2857 394
1496 486
350 323
365 114
7793 8382
98 117
45 7786
4056 1033
4819 115
725 764
1381 1340
485 989
7560 108
401 5719
1565 2736
7660 1776
6097 97
505 947
5419 1058
279 103
272 696
258 3699
77 500
4123 7336
8483 2038
1782 317
1503 1537
874 8123
902 312
4613 290
80 108
1070 6858
548 402
373 8328
324 3883
2347 268
305 759
761 8579
106 604
655 4552
2161 115
1011 1181
3374 2021
483 751
658 6373
6643 290
1627 1918
111 1048
2199 264
5216 290
6906 7750
1046 101
1919 729
829 1378
373 432
1074 1090
5430 115
290 111
8011 1921
8609 684
6230 303
5800 264
807 261
401 1461
854 65
4413 271
869 295
8360 509
274 279
2267 350
300 560
562 613
2945 279
2522 1515
2890 290
4508 115
4645 594
393 122
1096 394
453 1658
8506 780
1150 394
3656 290
967 3247
2235 1287
2658 683
3448 108
2016 290
359 328
100 97
3805 322
726 115
365 735
744 867
3440 2078
99 8523
725 4928
1046 538
324 8114
1729 100
337 462
371 1626
2301 673
902 8345
373 1172
295 773
651 4746
2499 107
8493 407
6009 115
5635 2202
1159 8361
359 428
8638 2984
3465 996
658 111
283 906
373 328
75 8479
1504 5384
829 506
412 8113
395 4887
32 5336
8042 677
686 6341
8682 454
3949 1575
4503 5707
4847 6383
4162 7178
745 295
905 947
370 7773
2479 2742
366 5178
98 462
390 5207
412 8406
6237 815
4046 115
501 115
1666 560
3622 5837
905 1977
609 268
299 98
2424 613
6342 115
2206 115
4471 683
279 290
1418 121
609 456
686 261
1658 121
584 100
6230 374
4959 1498
735 428
3836 115
4302 290
725 397
2423 1626
8024 101
275 2462
32 1587
6773 6394
2746 7721
821 7283
1881 308
78 2567
3638 875
3480 4722
1089 118
3740 7016
1259 317
4033 101
5252 8740
829 8606
624 560
3605 7304
276 759
6097 1561
5482 1340
494 121
854 3591
5814 268
1132 7784
2316 4852
4959 8702
318 677
3629 290
633 7248
740 314
260 1770
505 798
2493 1287
268 1974
7592 780
7550 8761
1212 557
5620 3430
1584 1287
7384 477
7813 716
2925 2165
39 44
289 112
5317 121
8035 1621
119 506
3986 8607
1702 604
7394 1685
1919 320
8054 3486
327 6438
4626 115
301 7631
3921 290
421 107
7086 3081
4882 1640
1919 1048
8077 407
2641 1609
2256 290
315 1972
6168 1242
1449 121
3075 115
4056 5787
4574 121
411 3203
2760 290
4523 290
98 756
1112 4996
1710 5550
412 1454
5394 328
390 7863
5505 1338
336 291
7021 4789
5246 2274
4290 115
3500 290
880 655
5287 312
2157 328
355 3755
972 115
3390 733
533 925
72 4376
267 399
622 2384
448 8706
3588 426
7847 3920
291 105
902 279
101 407
512 322
72 2442
967 8133
4819 290
72 69
3609 115
6557 7375
98 518
111 302
2221 959
3513 6583
4041 8232
8816 311
2861 115
703 6998
371 1974
7012 2103
72 1339
8667 764
2069 8268
2286 264
8217 264
8132 560
110 322
1983 1287
401 2919
3099 2765
6937 560
4709 115
7667 951
411 8572
692 279
6730 264
266 342
2244 8839
907 602
373 8255
2154 350
373 300
483 1035
2616 2673
3020 8016
2750 290
843 5569
282 7803
8811 6052
67 257
6168 8877
3014 121
1221 8293
2363 317
949 5534
72 3221
5643 115
404 8813
2841 1535
504 110
1919 102
1863 557
963 6619
3212 3831
1228 7743
686 7315
4959 3081
109 366
1955 4420
2725 7722
600 2122
3749 8564
2495 115
660 391
5993 5569
8887 634
734 1486
45 103
106 420
1203 279
1049 922
2349 394
505 321
258 7796
1418 296
2582 115
2344 428
79 7765
5398 543
2630 290
7874 1156
5872 1013
596 105
324 2359
2062 115
1259 3007
2300 326
1310 1836
2280 756
108 733
277 3007
114 7355
6348 264
8604 1626
8332 1904
753 8896
370 543
745 1419
333 3027
759 279
2215 780
276 288
869 2845
449 1359
738 3151
5033 1351
2660 844
114 289
83 1378
1167 8775
111 308
6926 115
1385 844
2007 365
7057 295
8163 1675
453 2556
1723 1836
278 272
276 1194
7381 117
7132 483
2616 357
324 494
311 780
1847 648
6325 897
616 311
2069 288
397 121
896 8362
273 555
65 6500
3622 1419
807 336
4758 4391
6224 303
70 302
8165 7717
599 394
8843 8951
7261 394
1243 317
495 1247
4762 290
363 4546
70 114
6139 2540
282 6514
107 97
1167 8587
260 7065
8863 2567
956 115
2336 602
7512 264
3187 733
1211 1015
104 322
1094 121
66 108
4904 46
428 8662
584 114
2854 773
294 927
45 7178
267 8808
739 543
1145 394
385 3516
599 8921
98 108
74 432
1496 1359
282 7001
434 410
115 560
1157 8851
333 3699
719 8909
7971 6377
677 264
411 1422
8253 1886
2390 39
1120 290
4463 740
3422 602
1732 8804
7649 727
273 652
483 3752
1729 103
275 271
8085 611
1132 7283
68 3360
829 7554
275 101
8495 751
32 5843
1644 290
45 2021
333 420
8788 308
275 8836
1164 115
78 1640
891 557
1203 394
672 1029
294 1184
273 1537
3187 933
5591 115
400 264
3638 7355
275 7234
8150 817
8857 1139
485 257
1888 5208
373 8752
482 7990
7626 321
314 290
485 4199
305 560
7565 264
297 1551
44 39
1022 456
83 1097
547 121
8043 4189
967 7760
2895 2635
2157 629
776 543
114 498
259 1600
3299 8658
4959 8661
854 3402
537 115
3787 115
633 6661
264 483
373 115
1021 8605
3448 271
3702 302
3441 8156
8986 560
6090 271
599 733
1648 560
1385 102
1386 366
829 303
7381 2984
7983 5384
2641 996
292 2731
8934 303
298 2209
3653 8569
2246 867
9067 852
2587 115
616 286
5103 996
821 3151
793 121
630 98
6266 560
4756 8907
3785 279
111 546
101 377
333 328
1310 119
3143 115
1553 115
83 1388
373 815
6730 1351
1919 4985
258 677
1046 751
3805 506
294 407
289 3224
643 279
1070 6017
755 9119
449 291
1828 1464
1917 8737
7028 6922
4824 115
3577 1590
6706 4522
359 1922
359 5394
117 669
2572 1351
466 506
7528 8703
7448 115
278 290
609 2463
2941 5602
1118 1048
3964 780
7086 101
401 314
72 6554
268 901
84 6494
3202 560
490 115
116 601
280 2165
5119 290
4512 1419
70 1085
6736 115
330 101
324 2765
68 1319
3672 290
1387 115
412 358
1871 1918
483 604
662 264
478 110
9144 105
74 1661
3560 683
9128 9079
2820 279
1070 8283
8862 825
508 6162
5874 115
508 1823
8724 8610
1919 8967
722 7343
297 9175
267 613
115 683
449 326
355 4522
4832 1609
374 111
9137 8416
8429 2002
109 560
5781 293
271 951
4081 3752
8027 1841
1883 517
276 2456
725 9016
278 476
505 3035
2477 121
356 111
394 110
2420 844
3290 366
3887 7304
946 648
337 374
103 288
725 5421
5742 1669
1165 264
874 5579
5465 290
266 116
2477 115
275 910
4927 115
587 756
1271 695
271 103
7666 2496
1570 377
3892 9202
300 105
967 119
117 666
7995 1490
278 97
4833 290
6957 264
485 2722
275 428
807 4744
2522 5553
4262 4522
401 815
6778 8765
3797 6538
1766 8369
599 97
3285 115
744 5992
8975 933
4619 6539
6085 8104
553 365
4311 115
3348 290
1038 8635
1671 1351
449 4075
1046 588
294 8726
1046 1742
9064 1392
292 1498
1330 115
8687 1287
8549 696
1565 568
327 2846
1445 5220
5783 560
7704 5602
7969 111
1214 97
6632 2513
338 307
2927 9061
45 499
1262 602
306 435
698 604
1011 1734
105 407
1286 620
6096 290
195 131
3976 813
1379 290
8057 1351
485 613
2792 4522
854 4625
3941 115
306 6554
484 118
8958 7571
1712 8221
3422 3308
359 8722
3154 1609
3396 454
359 279
2852 98
9305 6892
8304 2038
719 787
407 97
84 426
3376 543
8719 308
1063 115
2085 121
5081 623
311 111
107 279
672 1836
359 9133
967 451
7060 290
567 815
1342 264
2089 115
865 1255
7575 1952
8065 490
4283 271
268 648
262 8379
401 451
3348 2529
514 571
462 2002
66 2669
6981 1921
8555 9001
1882 290
633 555
1386 2765
4789 394
68 8831
990 684
297 6892
829 593
4425 115
112 115
5479 290
390 104
866 353
596 279
5101 3430
258 8088
259 480
7384 490
97 105
1159 8938
854 4879
2093 300
549 2041
9297 613
3654 623
5588 121
6680 115
373 9273
119 588
1540 543
8940 1033
1960 317
495 8586
2286 487
2030 111
2829 279
320 290
278 5834
6099 331
1367 45
6066 115
1594 394
1686 1139
686 100
5440 2556
373 1141
6997 114
1088 7103
407 290
3020 7772
7561 613
926 1464
9090 354
109 500
401 8263
3162 115
352 5771
829 3829
760 3078
2976 115
5929 115
9235 296
1976 2384
616 428
1894 9158
290 290
2745 115
6306 1255
2279 2404
953 8711
1070 1378
497 274
700 1095
5627 1058
335 338
2656 951
7458 115
294 3798
990 5521
7088 773
3293 115
967 702
2157 288
5118 115
5518 115
269 3699
1022 499
284 112
2872 264
876 604
112 897
3653 1918
3949 290
2658 115
7151 906
1165 604
745 326
887 7478
471 1857
401 1770
428 112
7696 476
8002 115
275 9316
967 108
613 906
3285 988
589 5830
588 290
258 456
1679 9334
3617 1359
9211 611
2402 7672
3756 478
115 97
744 751
429 1422
743 116
3053 2274
1015 289
8403 1773
479 104
1418 3883
270 557
300 9177
448 9232
982 115
1356 9452
672 397
3069 2524
948 279
8319 9351
1292 478
1070 718
466 9363
5950 1886
280 543
8644 264
2180 1800
115 109
8558 8377
2365 9247
5165 264
5479 1528
8714 677
874 568
854 2744
1533 115
4370 2487
4816 115
8409 6365
5482 1775
1913 3486
2821 9341
263 295
4777 543
519 543
1548 9031
2286 290
359 500
697 308
7108 407
5261 5261
7761 852
2641 290
854 1516
1480 279
678 105
847 303
1704 1287
9354 97
581 7789
77 328
116 951
9328 3534
117 339
1416 302
854 5159
277 330
2616 9197
5247 490
621 1551
9222 290
2401 867
1266 696
546 121
3318 394
1070 8672
4696 1029
453 290
282 4118
449 793
1420 1886
829 68
7189 97
390 634
3562 290
3940 115
352 8656
665 759
533 907
5108 4189
5709 7327
1724 7650
9517 8167
9493 271
658 9265
373 314
2104 9303
5761 115
294 1891
306 756
4613 115
8713 274
8812 7968
8559 1454
8039 8930
3514 115
599 9533
2193 274
755 385
2529 97
2296 115
112 300
3499 1590
483 115
2121 996
337 3032
32 5799
70 423
3292 951
874 8340
301 4996
1948 115
829 375
303 264
9238 331
2745 1008
3361 290
111 365
2315 264
860 426
1010 543
2474 115
8514 339
483 386
4494 115
508 320
448 317
2474 477
967 101
2372 394
633 2190
294 97
700 311
447 9565
9124 560
34 33
5426 105
7931 397
2406 115
3299 506
3562 3486
4289 115
448 759
79 5694
1469 115
9400 2896
672 7031
5619 780
761 2610
655 115
891 2068
521 290
1230 1245
3532 115
8608 2046
6881 115
70 1737
373 1049
393 861
610 6174
7346 115
345 394
6418 959
2427 115
4304 121
6700 1033
3940 279
2030 97
3906 115
854 83
854 2677
80 2736
3607 290
2118 2038
1046 2569
275 9161
9032 937
2348 115
533 2190
7970 947
2600 118
9455 974
5556 268
1729 1422
106 643
1243 1600
609 8829
1259 264
5631 290
3099 264
1292 604
270 120
273 9097
4726 1351
109 751
3749 103
1266 385
578 115
74 759
902 729
3863 9218
722 301
3024 264
2402 264
1976 7672
303 604
8130 264
3165 394
6648 365
719 2209
279 1974
303 321
9605 2679
483 620
7446 499
2410 296
2879 115
8784 3752
830 279
66 7683
9143 1888
609 1566
4101 115
902 97
985 7336
9685 780
7385 264
700 9374
2179 290
3850 9671
7666 9584
114 1419
700 3755
925 101
2228 9692
4739 4647
9370 483
373 1097
3807 115
77 1395
278 9087
8568 264
1885 727
5435 1392
7231 9672
5050 1978
589 1978
278 751
290 117
3876 8410
9402 115
85 110
2916 1304
4107 543
725 2310
4033 938
6734 111
9567 844
289 8180
498 264
2934 683
270 656
621 295
109 683
3425 704
1068 604
8721 308
9460 4789
333 483
277 808
824 8212
7931 817
1011 122
512 321
286 2317
4165 4968
4711 121
1565 8137
967 9230
6340 901
98 264
6391 394
1046 5843
2402 112
3970 115
98 115
8962 899
3833 1918
1622 279
599 1276
7024 1609
4582 115
588 322
449 8270
1913 2428
482 377
645 3920
2445 115
45 8446
4857 110
7696 6481
3230 683
1073 3223
6730 290
1241 456
2095 1490
552 317
967 9372
9250 343
7932 300
393 852
2904 290
633 462
1219 394
336 290
7250 115
821 1579
299 7478
2699 317
1262 787
7046 2167
1492 1093
584 341
104 104
1214 274
971 121
100 718
1070 521
701 279
102 1671
1686 110
661 296
378 102
90 1572
1919 861
373 1406
3884 1624
6168 2442
39 336
738 845
108 1624
2887 111
9802 1843
7693 7789
5108 704
276 291
292 976
770 121
333 2667
5715 394
599 286
665 8534
77 288
3212 787
736 121
293 105
505 629
2585 613
275 850
512 271
1828 115
102 910
4412 1093
8470 1247
533 2815
111 102
735 366
448 2473
115 257
63 33
1014 111
7947 9787
1271 604
2661 655
1070 7940
6906 897
7658 8190
8729 1719
2100 7577
2616 777
45 391
9098 4545
65 119
3269 115
288 7016
2336 97
3328 560
633 9118
114 551
8865 551
8634 264
5457 1528
337 551
902 1742
359 8425
623 121
302 397
5021 662
66 1734
258 9065
854 5306
306 105
99 300
3695 115
1310 1139
275 350
70 1539
122 290
8246 300
79 79
4999 768
427 115
1159 822
2788 4852
1328 3752
260 4076
6697 111
6737 3430
359 435
5562 115
5205 740
1074 115
761 257
5973 4637
268 1486
3213 9801
9886 535
3330 1392
2449 2122
700 365
6557 286
512 3291
539 543
6247 5771
2325 97
829 630
902 8075
449 6511
700 2046
5027 907
7195 101
1167 7248
466 6892
2622 420
359 8709
4861 6583
299 271
66 117
275 328
5594 2436
297 6702
9120 1304
2350 303
7286 290
865 1029
407 2002
664 290
2128 9849
1266 317
2708 6854
3013 317
5742 394
292 3136
931 543
7592 1988
6226 121
281 5834
3761 290
902 5553
607 1406
7649 331
276 462
278 1884
97 394
9806 867
3607 115
3060 300
261 97
1346 394
119 1347
508 4920
356 295
107 105
401 2325
359 1013
427 906
6879 793
8312 735
3709 546
616 366
549 291
103 114
498 110
447 100
71 9145
1070 2814
3344 264
1440 1033
6073 1609
485 9132
373 9856
1263 1579
1735 6526
7346 290
356 2333
366 341
5538 1090
2236 959
1357 112
621 2663
2211 264
3843 115
9923 623
337 4848
9796 268
2881 279
5679 852
8494 9845
4243 3756
1418 6234
1357 611
80 2642
1905 366
616 515
99 114
3403 394
8597 7375
9439 1886
6348 279
1271 2122
8674 683
117 764
3362 467
3881 620
401 3260
650 9822
1480 683
2792 397
275 588
